$ANSIBLE_VAULT;1.1;AES256
34653036626163313835626331363633623566323762306137656363653666363633656662366665
3638363261336564663362396464643362396431363034610a373638633061386363313931353036
32363563323864633633303332306132336663336331366665356434303466346564323236383966
3135653138396237640a633239323966396265323865363931643231613963623439646232363463
64393064383333393639363934653737363431366233653132666463373139316639313763346336
32626566326532366434666361326362353438353232653763383138333132343664633261313536
31303334316236316637656234613635356466613266343534663834613933326262363031373361
61313865303835613434343731616131386638343534616532313661343963313633333665656430
31316565643765393462626134646639663034333733373132653964383764623431356362366666
38636135313737326439316163313430653036306635396166646163333638633164326230303336
62333136623032396531616237323236323564383238303034653963363436366232626562623931
63376363613337376264646436363437303538626562643732316434373537343030633233396434
31363163663565616135383864323030303865326432636638663262623732626230333333633933
66616437353236613361316566373737663036363664333038316562393436313437393066313564
61633234323139386232363836393535623335336534383363336361363163616538333239303932
35376232653666343936333938653065393736396364346237303031303038373331646561353531
63626438386165633365373063643530373061333662383364623061333431643563376261323837
64636131643163393561353830396236653638343832323366306233653262643937313264313663
39643836613364363131303665633232636237343438663931323530663038633838373330316636
35333661383637633630656633366537633330343630356336626338643335636263336439346236
31343331303164333564313434373366643665633334366165323733613539386564356431346330
32656630323365636438613931366638633134373138653937333337383463643064366132353135
63613933393966333961333636616434336632326537343636366166343532316466343462336563
64313936653630346161383734653164386665303533663838333136363338623733343836343261
36333636643139376465343837303065373238663134343735306131616333643431346432663666
37303034333339656236303265666663323631386334393237613635623530363963633964366266
39636337313230393733626439646133623463646336336432643632316233623937626439333138
34353262636238623430346532356661663863393436343137366237643865373963626363396337
34313361653061356561386665323964386336616131313561626338373731663665383362323537
63343763633031633730383162633063356362316133613931663033363864626362353961343136
65366538656532373538376534643964376334306232383764613837343031643266363762383337
36653833383561326439373965356530373034356461353630616532313564303663646434363937
30383936613735356239303631613235373635383134363730353965666635306635383434336132
35646332336632356638613536653061656133613564633465363634316530393932396565663866
30326436346436333062366466393930323832636538306365303964383232366239326266343362
64383135393937663835313262366236346438313334353131636464633631616535626466653739
61323638343062353435343638646361613964653464643234663536646163326135323661373362
31616438313631306561356237636364343739306661386637336564363839663933363130626431
30393263656633393132353733353562343233306132363739653531306336646561616266366233
30653130353639393238343963623138653937343234363062366365653962363066633462626337
36376565313333303362356432636130393663303863323762313861633335643734363932326132
39353563343563343536303564383537633065666639643865396638663235653135396330373130
38613734383133336330333132646261663230393831666164313461343261353139633634363234
32323638303737616365363433313634663165633263333731616239306463343064616539323466
35616634666433666435393334613238666230646438666264313037356330373036663836653633
62376166663064636238663561326430653134626335633935353638383338623465613231616138
66663934343737353164366630366463383564646331366238356466376633366337343836353639
65376132393434653165353264613061363064656263343361386534313761356630353162653837
65366131636438353161646135353363326437323339346431303361356537356239386137303136
65343938633265653739643537613766663838343062376262653964646262303133666536643530
30343432643162353234383335313930663432353732623161326364376137616130393362653334
64356431653638623962393763363164323334663130366432336339623732626361393430366635
32343163666266336530393439613862653464653136376561333561353933393737303738663631
66653735306435393938386432346265343032613263353732383463663762626638336538373430
31663738306363333236636434303638353965663763363865333665623065663130303362636430
33623635623461383336363431363138623635346666316632633266666663303861353338613537
66376436643764613637626137663366633939663465393361643131623130316331326630616331
62643036383236336363623663396437653930353335636562333564666564343134356366623937
37356530353430666265353666373938323231323931613733663966633037373264393365323636
37623939323137366338613663383132393566613037373165383263353635386538653337353539
30626461646333346630363565643463373936333663663263663038643232323361646330633336
39646639353065366335626431373061316131613736376230656531386463343634613737346132
34363031333663643436643832336162623332333335383565393536313033636561303435653437
62376134633436376537623934633938383064636639316232663734623333656262656431643132
66323238313939643931613530383031333836643431623364323534636363313135383936316137
35343934643862313635363363633362356331623131383063653464323764623864326665333061
39613237306161363331356232316437376261306134366631623463633861343866363161343266
31356230633665386335663334356631343738313436363365323864393733643435373332616665
62656434386131333135393931353966393564386331633865313966393630623562353536366562
61656635343936323538366638363466346538346262613033333833323032366531393139393633
39643962353461303363393632636338633465383431396630313234653138363339313061376135
36386135613932333433633166653531623263633332316164323765356439326236313333643537
37336131626435626531663464646632643530343836363465626636643332653964313934653538
34303666623362613531393635626363633433336362613236326264663334343730326631313161
65643038383334346238333333346464343031373137663638323630623638353239323834373239
65626261613338363030656132653236663233326537393432643730303531663465356239323362
38356534656433623931643966333931613565306262666666393464386136643738653465643737
30623632353037653939623366623835626666336134383035333234343237663535363261633763
31326539313836336631656630616131353532396436646266373032653366633966316661353532
65636239623163326334386637643265396362396632383739333930386665623339376461386533
65636336363438626164623231663637326361616162326532376636303262373262323666303931
65323039313966636364326437303461333339633833623861393237646661633135343731623361
39666535323039313065626261636663333835336164333536663130613536313933653639333563
34363661643261373865646236653731373266373833653339343034386232336165613831653130
31323534363262386537663163616239626565623237633337356631626166643836396531663362
30633533336366366566656631343066343262363963393366343536353836363339643036346630
63353163666139656535313462313163366336313161346431353036316233613761633566623264
65313536373833393461626634363965366332616362626434653862393838393962393932646532
30653661613137613837303761626466626131383663333237376566393864616630663931343031
30633231313837663665393834653366356433383131656537306233653964656233376233646332
64396264313166383234386461396137353338353063386665343433653337303463653465333066
64626631306637343838316537653534646163346465353438306235343737353863643665653564
35343634626264626436323364323333316164653361343937383036613064323766326664653131
65376633386266373662353562613431366130656664303761616334313034643730326130366365
65343266373964363164633266363831363839376438323932656338333439343166646234383634
38613863663264643838363937633164353431626665636466303733306665353334393835303733
61353632323739356664323333623237383838666430393161623732306637333735366564623338
38326538666536323366363036663037343837346133376665363762643535653132643832376161
37303038363764346533323939363637646332366561633731656162663666643864343233663130
61343763343834643634623132643561313364303666613934396334383363633862393864306561
30363938656338316661363962646335356530626562333832353965663964636264333036323737
65393765613533376563616663333833316536643032666261336130363232623734326637663861
66363036373737313763396137306531373234643162333562376335653137386633643433323661
66343865376534623366373665363666316561333837326561343739333262346131383332353661
32356534323262623937653230303263643531376664653963333961383564653636373735613432
30666333396332333537383865313266623535663437656632613666626135393966656637633233
34643930313865613038383935636438313661383038353230326332363265656638643936666161
65613761646436613435653232616434616361303361613131373562383362333635363265663538
61353861366339393365326633376235373236633030653638343331326362386563383634613031
35396462383838376263376538653535376466663235663239336163343562386538336539383037
63626638383131393863333333316430663235666332336630323132616638653431346539356166
65613631376438636230626462383663386331613064346431643737356139656461633632316166
30626565633535346261356635343930643265343164393538653634346335303662636236313136
30653739306663643932343636303261626665343565346262313334353737343563633530323633
31626363393034343533636631333663643538336635613762333839656363666232643339376366
38626131626639373837643230633731636331613834643134383534643431633664653838623837
31646165353661626461383530313836626138333339333136656563316230613436353236343464
36626235383439666162636636663835326266643436613562646531393766663135666338313133
37336266396365386530383964336663653131313464623066313464333663313061343861306238
38316434633235376236613864313734666436323433663937306162663633373039346565383239
32313832643738313839393531313037646631336333303162316161636664613965663539323964
65313135316165376536373139613261373037393466633630663135373838636535343530623139
34643861323862383438633534646533323465616430653966393038323263653962316138373333
63323766653130623631333465623137393130393936663763656232336435383531633239343636
66653036663031333435363239343963353235336261626435303461333738636537383537643763
37636234316532626139633565613032323237363764343761623037663362383665306139333136
37386262343838363031643436643130316236383862613864613538663135353439326233616634
65663237356538646637353539376639393230303832383938633638303630343838363031643032
66316539393536616161333262383132353031636334303233316339613738346136343064646466
33613635643034353463356430666666363136333861373235313361353335366264323865386462
32393433643639346435333935313837363639333136393265613034666335313831373339643039
35653363613830303036646634326336386666316630323062393834633031616337666635343932
35313863303139333638326639653537336231333033326438663632323038666636323833663131
39333261663738623665346438383933343366633063613163313561383965333036363365363962
37646534663933343030613432353835333439383737303335663931326162303733623262616238
39356434623239313334343036346533323636636466643738353739396631363666396433323062
66663066393532313037386234343634393935363363366432633465333163663936333130666432
36353764393066366130663032316538316635326265323930633565373466346263653363376233
36336333333832643465306333613738383964643639333230653264663963666336346662353939
35666165623063303465343262626238393037636130643063363635316666313964613239663835
65623538616339333035383336653265306339376633346133303161316539336166613035636234
31373465663665343332373361393536663036353137373433396262633439613734363135386166
37346135393038643466633538303463393336396331636636343530386232373862363261643162
38616664353331633238343763336261363534346532636366326235346464613135356337656632
66616664616539333931303433646463343065393463633938663162333239663664313530653730
35643934643661613331326330343031616662653162663865343039326635353165393433363735
33626362633936636161313237393735653631323535386433633862326236396538643366373662
36366136623162663733303436363136303735666534663433303262353339653631303962336564
36623430633239656231353538643338373536643835336332373531633433323730316537666461
61636238636264323561303166383935663631393136343532616338393937303237643761636435
63373533313032643034353133636337383363353231376236343062646636306633633735346236
61646534373933353964616561303436636562343638633433616361393133643430336166653166
62313937356463633835663465373435396131323337393365373163613736326164303566313636
35346436626132623366653835383561663265643735373137313361386462393138353030633031
61303264656564626464363734396236626233663539373630666233393963383836613436306464
32313437356630383936316232363236383964326334363764663364653464363537336661383033
31326339333635383538353439613135396438343833623230316639656366393565363035306331
30363438383061616237303730303839393461353037346531643231653139643065613433356331
35626465353062656164323961616135626263663563643837363337316135636437303265333134
34616238643837663461613761383031326662333037393864316666326561376666636636363734
64306462333762653638646531643234306337626233306463313037636438323236353161386534
32386131626131373130623562363534633532646264616463373438626138393762383563346133
64356466306431616661636463613831396264623164383133653461306565323266616332373930
39306630623161376232396537663535376435616533376332303365363832343932636431376131
62643936363238656539643932306336623162373038333365643030636336343834343939663639
33623462353232643235633166353566343661303738633031616566316361656539383031616466
34656364643933333764323163366461646237383663306265386661303939326535353966623265
64633862343236316666383463356565366139656435623238366264643464376230366566643461
61333263653266363632353736623036646135623834636533616461336330643965376434656166
64363439633933303636646461386331303262336138623633303963383564366163343333646136
66313232373762376535613438646337376362373163333030363463346331336261623164633362
35336233623535366239313261336266383933636631333666626238383630363337303565333732
31626237653036623135373830616335666366386538346263373566616433663864653865643337
33333963333363313766313333656566303163633165666130323934656466306335643865363237
62613136373930356363636330346631316534366434613261393637646261363135323134663566
66383836313532653236343163306431623536646133393432663266633438323539656235373863
30303062343130343630346433386533373236616435303061656562666166643638333362326365
35666537396435663566616161323230323535393866336233323736653333333131343137626665
34643533633832396536653862366564656435393630646234383036356435663566346362313736
36323163616132316332663234396665346631383262366136323934336635643033323537343162
35646662656539356261343632656630326333623936313737383666353463663166393237393232
64393030653434633135363338643739353864666262376563613637306266316264303236653662
34393538643764376533666466373634663531396236306362356664326235353065363439623766
32376537313334316433653665616532323434373931643034323039353036333634636132313535
37616436346365643264373735313435336562323331353734616131633935643930366430313466
33613464343962346661616636326232636662313036613032626262623463636439343433623233
33326330376632616366386662313430383465363834636165373336333037646362666661343562
30303066366439353362393739366630333638383733663938353936376139366334323332313236
30616438623232366433653236343963666535343565366461633438303935353930353634613862
62653539303733666663363335656132636366633438653738333335393662616332313162613432
66626633326231393666316331316565373461323938383761613338333037363864633534663535
36313834656161626439336362656463653838383138333734653031383332326264393463313061
38353838616233313434316637323738303138323966393264643730343533303231373463643266
63616661663965613533333931396231623433663762373766363039303036653539336635386664
33363339383433303635373131356133626432346332653438333230373461653638663036383832
65613163636139343763336261363331333730326130353032323161636663373061633533353465
63353537353232656432646161356339303736306538383231643030613965316330316536633864
35623437636262666165303565393233663862303165313534663339316361343263653137633564
62313930366162393435373366643165623662633937376435626338353562643063616532336132
35373531663366633234653961366263363262306235383234366436396162393033373064323666
66336136363031356336323262636533633261653733323537376132616437623938636430343232
62393831626137626435373364303466666235393764613730613838616462313038386463333739
33616131376339316561333064396230343462373765313464373138633465616238623038303836
30363633643635396338626631356635626435313862343132366162346363386438666464376236
33646563366233356565393932633836356538373232326536376466623232366632386362386435
62306239386432373062363864626434376633363936376564353762373566373133633136343765
61396131636639303330643663366339386331613736306139386464373861383331326565373033
32336663656633633331376363363464613264306462336662363935643334353063646362656238
62336538363737303739393966396531343835353733383261366531323063353162646438623863
66336432373637393230643366366131383262366137383836363766626233653962656439396365
37373964353935333331633636386661386138623136663938343438353334306162306638663565
34666662303961636361343032303262653663336661623761386232663764333565363138313931
65373031623833396333393162646238313131303430656165653035626231636132356164643534
31386565313731623138663437366665306631383030613430393166323565633236326337396231
33376565303631343339383063363639343865613539623535396637616365323861333031323365
65346463663562616134636232613832373637303166333233656561653132626135393461626132
35383035663933343465613237306133366666666664393237383063353963663832343238336662
38393265373661363732616639656631646430333033326361373933373365353766393566633764
61393531313331616265373236643738646161376139373136643332393764373962623165363865
63666165323537306135303837373136336335666533663030376238666634613461656438623339
33646132383732376437303333323165353034643233306466633264663064316130653539653964
66373831656433313334303734336530313963346335343231653036653564376361653464616164
63383439646135373538633533623331373537363638626333313361646636666263313566616136
64303233306235623162343033646539353663626463376466343931356561343733646236323035
63336630626233323938333635396665326361306266373335653066323363643961396630643562
35356239313365313862346438343066323563383164646538323163383334613866386330363732
37326136383531393265653765306361643536656338313564313731346366393466353066376162
36336435386131353161303065616437613664653437646135623461363030353065316165636138
31336464653933303939626365326539376563383738313338663838643338653666353234363532
34636631383563653335383836626363393836333266353663333464663436376338663032643262
38636131383537623163376563353533373530626331663464323033646266656433333539373939
33623230323961333766623162663330623533323631643634393335623837376336393635366638
64613563626432376231643932663338393062636637393862636166343437386566653265393138
63386263626536363762376662613961633564306535393936643635356430336561376431613131
30636137613431343839396234623533616464353361663231636639653138666562376534633231
33386264396239353062326432313065366237616139663734306136626638653131373530346230
62613164363432343134316438633866663365663262613336346230356334323666643530303262
62393033313062313764396662623765376334346132313531633533643538383335363232343538
39386566326666353063633933663566616436313530333831353966373239643934346632643066
38666164303234356461383439373439363531303161663262313761656463353331633562383566
31396164303137393631306135313333393235646535363164663432626662386464643338323639
39643336633165653339356638373735613966303632333639343334666664626464626136356134
36666264313039343565663636623136386439386139356532343461336261396337613035303034
38393330323736653066653961306434396336356630353931393536663732343862356237646431
35316535663066363632653936663064313261333862653532383766323262303535666231343162
31613235336634366164623033373532616538333563626232393030646538373436336334396266
65663234313664383330373831363830326536633436346632396236353433323938356537636230
33613731396262336532316139353832333165363261306631353836623636386431626534343938
31303032613761396438386636623465666134633037353066386265333535623664313561643862
32383731333166633432313339366161383836356539373564643338636333306531636137333062
62616335303939363265623665623163663266326234636638333562636433383862323563623737
33633461616464346363303165653633323531383638303963623434643166616332656231356230
35366131376434663664623434323233646662623863336466663264353066323066366565323834
65666431663639396331376635626438303333393437346635616432333331626435356261356563
34313561633563393232353061343963326434666235336433386561626234376134643935323738
35636338376135343439643966313238313539363039636236386235376365626630323761356631
38613533396463653962356436323734313035353565633566613333376266353335303530363030
35313634383662353366616530666664356661336462376337356366313337346334316665396434
38313036356339323636356166383831373532393930613565656638633865336562356466626333
61333362353333663533356239306232313030653036653062643633383838363765333731306666
38643931346238363336623764646435366665316662333837366133636638373866386532353565
65366161393364396338643934663133353164316165323436643932643638613266316165613830
30656566303438613031653931656332363262366435633963306262633131646331626135333962
63373862336535616264656463336636643363323531666537306162626266333665643733386163
33613733653065623661306535383865326135386262623936633364653739376237653135356435
34383734396366616630313063363336643963376165633836643166653439343661353639646561
31353239393062636566353964303266356464343530363734383233383061633236643665306561
61643634613934656666333435376133366161373330613831376337313133653466363664303339
34383338613435373663383763626238353665386330646630383735643434333034623633663463
65356239366131383538353639353432653261393062366335666561343663303063316130643137
66373036323630636632313839326333616664366266646333366561313963396330346239343066
64393037623762333738346331336639383634373065333661366637636438316662613238613663
32376137663135316563326431656636363962613634633163353131373862333830353638386462
33313138353562643261663838353866336266306565643931656163353364353333623037393337
37666630303763396433313833376161616233386562623463323037393462636631626238323965
33353965393733333637616237393735653361333066643162313062663434336134316231663233
32663239663432363736336234636165386237333435386162383335643433373266333337346130
33356331306531333562313861653539376530316466343936663666643435346235383838383961
66396134376434653661353862393361663936373433356265343832653930316365313738653561
64396562363765353861343463313162633937663264316363346439656332356465633835363239
34316165616439323662323037346366323431303563363936393661343236623434353533636530
36643664316538353536316439336435616266366632333633386462666334396362646566663462
62393736666461383030343736613539303337303437356436643066316331646433633062346565
63623739643939363961386631623239626661363436373164366635346233323433313061633964
64626337333461323366626239626138366163303465633034353631376232373061313765613538
35656130613630316232353930323533383362663162386432623839353038356563393965656234
62653133343134353434363233663735366631323930613762656630356261623239323066613333
37366565346362306537613130383335353863653265376139393564353635666663396665303436
64636638303931343765383564313933373365343837653763303336386264336531326436393431
37326564396163346238353261666434633433663038353664386362353566336164356263633131
30383864373337663961643038336664383939326331663563383336623735633161306263656262
62383739326432633766623063313464616234336162613266353566616639663937346563353935
66623466623937646336343433663539666430363565333265343036363732333730353735373130
66393162356662383234366230636164336231613937646262643161353662643765356432346534
66353638363236303765623235343231323465666136616536306462316438323239343739386339
63326234353165383434613032313638663164346533613265666634653664306665663739613562
33386336633365306135343632326436363065336461663837646461646332356538383533623133
61313361633164313961386464326634383233336630663234626265333531373563616436393163
31626563353335353564313131366432343939316435313165623261646234336165376238386337
64303632623063633066666361303435363231373031333263333263663930323866623738373464
37303832643865633839656535646164636638383964353931366332376637663862646336373132
30663931396132303830623537643561323939666339633533663936366436633635313936363731
35313733633530633162323231633936663866393362346635613039386465333465376339613231
66386461336232343038656361333531663963366432656564383064343161613430653863636438
62366632646439383263636635656332626666346236353030356364633462303739633834313231
61343166633365333164323062353865393362333865393037316431336531643230353961653465
31333732346431306266316361656235353530633966393164313165653133363335353965306566
34376563373561636366343133633762336464363261333537376465396133343134653639623938
32646461353636383636353739623935383561343265663130616631306135363862373037646233
32343062646361366339343137333134623332323839633937376466333031393466366330333336
38386630396461393132643365336465303738656561376334666336636639316533313339633731
30303632613361373236653636613133623134636333393632313730326665656335346634643465
33366530303162346663626564623961376435306663353239323634376266343833623137326432
36616463373666626332366261643436316232353438653461386536623530633936323163383936
61336364613265653066356662386661363566646634363365663938653838373964373265383438
34363661353764666534643762396561653837303330633437373338313162323934333132396236
64376265663430363461643537303262346333376333326238633262353532326332353736663731
62626331653861623437353434633332343538616431626163636635636637613835613930326638
32663964383835636238343439663139633938663236343335386534643633333932396466306232
37393234336264373262616138316337613230316165613538373364643665313234653333343937
34313936316563616538346139326335666635666433343438353937396166323265363534383234
30353961636236363136626535333435656430653263313463383030353831616331313861626331
30626434613164626133646331303163653936636436623436333536663738623432383661373936
31396464633566656530343239333537363963353763616630336531303531323634376566313737
31303633656435363165636330363235646262316632386337343263626238303932376437643534
30646531303035646533313930623135323135663732653832303634343863656430646263633131
30623631626365373466363564306237343938316633633361613661313364386338356538653838
65313061316636336264336661303235393030323866643039343235613965323065666132346463
65396539333465656132633237633962353332613136636263653830643330666166333439626436
61313961353636326433376438316165313836376230333333383032393132333563663530316566
38356666646361653362363339326362393765363265363666383434336136316534376365333662
65663762353637376461303162353538616563633439656130646330343539383461346636376564
66356236396361363464363436303863626330323834333766343661313738343063346233663930
31333362666464376535396662383831613531646138613763363431376464363066633466346334
36356635343239326531613139616332643534656139313839663335613734666231363137303666
30353836363966323639646132643037653334623965643364363331376333386463356334396232
30396162333362613236653238303536633538343966326630633933636237346432613236623437
39343735383265323161346639333463383833326666663736626530386336623936623438346661
66326434343437643838323332646635663964376633373461336334626263623336333031303036
66613135663863343936356164316532613866623765353064396239363131326131306130386235
62323634666238333131643664626332316432326232613066323434363765653830393732383939
34643837616165633134626264336435366233323037653864373766383038633361363838653438
30333165643039366530353236323932636261613232643435653965633233666338396232666162
38653063333032663332336562343434353633323262636362306661376336653464373330666135
30646131346236663935613365663038336435663734306538353537373063313035393864653364
64653630303337363938326137633739386636633938613161336232353832653463646335653962
31393963346266616235306430326633366663326335643433346462366266643666613666353239
38626133646339363266356365346565356233373633373763356137363464636230336535663933
34393663383264373635363038306463306132306563323562353731333638393331363639333137
37643234653163656464663466383864383831336431336634613039303835363064656161613637
31306334313736343765376339353535313364636665666463303033346335636363306463323637
39333762663236633234643561326564393530396532333962363236346137613864353437646437
62643964303064343038616466393232366566396237333732656363653065326535383537353235
37313165613663336130366534333031623130303361313837313134353761353066363535656331
33633263313832306538666365643830653337343937653933333330306436653439653935366431
66333132616233303361396366666432626363383366386334653035306664393537656164393434
38663661373965366433386138623530663161663037656331356635626264306434653834323033
61636131663431663032613236383363306565626331323931356263343866613630323330316535
36306330343830333064643634343433363535373363303861356362666431666564323437656331
37653262393566383063613836306665366566303136306432636334393662626333666533646262
36616263653564623764393337303965393564313365333531336233306234383333313366363562
30313963353531366264636264366338333836343661663431353565613633626161616631346231
36613363336561343331643830303266626264343033313461316632653366623138626533323434
63383134343963393430346266396336653532623762653139633637616465656261393639663438
33313437393361623233393361323465653730666362303634653231333366633965633133343239
31363837666162326336363662333539363835336562613962306463623363653438663139333163
30313865316237653630306530363035633536616634373033663931623463663664363931666132
30343763366231303930363437653733333338653730386236626339633038343831336133383533
34353466363130376261343663326432646532636235626661653433623561616533343539393139
65353338623234616466366665343937653834336232353063633839643837333033383233623461
62306433646164636565656434333163626432616238323230353861393436336530666263343336
37366561373435653635613561633339313866313132323332613733653935336430383234336466
33613663633635313534656630303764373536346338396461343661343435376534656362306465
30313936343730653830633563626535396462613235623130663362643139633639333735633133
34623731343432616237393363373139633165323939663439663864396231396463336239643936
64346462653631373237656162333436323430656165623636636566366439346565643039613037
61306434663130616530363931303439386533376465396363393530663739643736393062316436
35303738636665306334363130373834346633643263636465376239343236333839656538623337
61396336336266643261343035303965303534663733303865353237356537623838386366663264
39313832326563326263393736326239643737636333643766346239666339613831626535373666
38373261636435356336613434363330613439663432386663326663663336363338356131323135
35633766623232353438313635653932383838393832656132653264643430623363366464663666
62346331616364303766376162636337663866636163656332313635316431396139343536666632
64633436663033346236373662346230633439616234393366393266383832356533626230633433
36636365663438303263636130326435626134373239316335616264336530636164383432396339
33623763663538363564313462313936353531376463363765653733323562393033653764316337
36336431373763373834343633303063373034326139353831386163656266386263393732643163
39393436346662636362643634663036383535613136363862333361313266343730316136656264
32623432663361663931356566393036396231303432623637343133343264343262633466393561
36366536396261333063616234613136356539323461393530303762326363383830616133373436
31366437346565326231313331643566653634376537663835386637396363313639376435316135
36343561353864346630623531663533386230306538346661383735326238633038386539323532
31653138646633663665653731313636333434376136633661653838346561393966316639653161
34623437383434343261646262613461623935646364623265323034313337353937393532333266
32353235373439353937636433643734373963383433626430393063626435366364616237346139
35316361363631353632323066303634643130633339656265386563316637313063383162616165
61303266366266326339373239343566303632316338613533373764373234316163633438373431
32396632303265383261313737353363626232663232343064346138326233326166303434343535
63316162663331363533316632303834366563353066353739353866376562613963656135653964
35663638313764343566383137343535383763653565653365303139636163666234333034326465
37366636386532366633303134623565323766663461386633313737666537643865356334326265
39666363383565353965333763323966316661663062636562316261333135336562643334636230
66353961366533653361323335656335356231663633333532616537306164396462653464343863
34616638343937633365323132323832383534643961323332356436613661343039323662613364
35323532306231646465303632636235623539386466396663306663356166613766346137653337
65623036336232623436653263663861343537303532643463383965343433336335643632346130
66333438366133613635666138363735333131653466343061326262646631303639326230316561
33643861393436356230633265393764343964306232323163363962666465316536376432666464
31353833666161303738333630613737326537336539633665373533343236333762396139643462
38623736376264663236326337643435303035396234616537356532306434346236323136353636
64616331643838306436366364323737636539353231393966366131306636366232346266333337
61343336336530626236313530343530636364626665653366353731636332333832386135333166
64376364373538643430303430313933376632376231616461306562346436306665323939656238
36323366613137366665666165653635306364313562343833356631353365366131396564376463
66396530306364363064383737643264306365353161336261613238313737666334613161303231
32303831323961363562343338333861643139356564333862613064343336376130313965646261
64663837313634613934343134353433643733616162353239663063323439363061396133633038
63356337356365303965666130643964303531376234656661303066383637626165393733393435
30386264656132363332616337376436636261376566623639393639633866613833636362656135
32383832363433386466663463396235663364303633366131356563373433653833313539636636
62373761643239353132373136643365643363376136643639343032643338633361306239653930
30326539646538343462333036636164303938306435643835646237343062363338633336313435
31316665663162356263623464613361313966356636373966353965383536343466356461303332
32313335646264306330323565303666666531316236313531326562396339363938316330633734
61363638316531356637643534613164633264383932646430613134396466626661313165393737
33353237616366633238626561356465666338646634333466653136363039323337653037313632
34646662346435313436613330646364386131393562373965303665326564313361333335613837
38333262383537653936646333623162333765336536373631643233326631343433646431323539
65386230623266386435383363316331366263346232383931633966643934663534623234663562
38333563623166646166623533636531613365373232643030656566356132303836316163326131
61653431646664313234393664343261666336326535613838386566356532663839323366353534
35643734383534343766623639306237383431303035326636303630666165346139373731353965
32323637373362663930613536333737653365646431623661663664663039383761346537356263
61666131383335626165643565303438326263313838623532393632343164626137636564313562
63616564633962326362626364346336666531663131373931643631666262663462613935343133
36653935383762653733643262303238383832643635373436663635333033303465386331656136
36663336343635616630633064396536323738366264613437653032633232383564626239356532
32363530313334376635343839393537323161646437306431346235383665313236323364663935
30323731393462636632656464306338366333623139323365303535303961323066616464383238
62343263646435383238623233663838333739373135333537336430376461366233333562353266
33343430323265623264323766653063333864303531393732343731636664393763393332383230
30323735323930383637336631373863666431336233303931666138313561663135306633333963
34626461356364623835376561396237646462373131343735633962313139313335636332386132
34646165303633663632343265313138643236643636613837393266663630666439616532363634
37326163303165623135663266323662386439376463613466363730333262363964313863636266
37373065633739393534646337643865333332323130626339366138396632313034386338333231
61333864653231386132326465623666663537353137383032393234626565386232346333353636
61333165353138376263646539613230303132653739366462373339633532376230653636646230
62396636623238393235643034353033343738346532376332343430363764333332626439356666
62663063363837313632633935623361363466313962353338393263323164653431636266363532
38396335343433343862646661333763653935653532613733326132646539396334663331336137
63356163653364316437393432373538383836633461653531303439383937343363613937366134
64326566626632643661353164366562386264376238376565333364393361356434633062616564
31303738646665663935666564626362353565323063643330656630303362313266636263663964
37323163316263386639386233363739663135636630323832653261373234313932623535333739
38333232373832316366613632636431306662346533323130656364306330633762386136643439
39646636313633323539393034653039353130663739626534306163346130666663363733633231
65613537383164306236303531646561383733356336636636356535373631666338623331646232
34363730643864653862383962326131383431333837613430663534623035616535303830643937
32396563313036353135303432366166326261393139353335323963646265313434303536643239
36636638643730363932643863653733626539333937623865396365616334636531613335663833
31393564633262386130353135393839343339633866346331313433656462356433373366346262
39643165383530623838363531636462353135333036343033623364313036356664333066323836
36653431623263373535396266386161373136316334396463326236366532323039643834383334
35333564303834353034363735373638306537316238633034623339396136356633633165616335
30633266323030393938336235326130613363313863356434616531383461336632336466386535
66353039373264386533336233613730663664303361643934373336376465316662313437343333
66663463663863616237313030323831333561363835623666333731393631343837643534616337
39623763306666333732343261373232383765373437326432383338346530353939623631373262
64666664316436366161653631323334343233633534623134636539343339353961346365306436
39386232653964356330346335393133326263333039306439303035356233393839623137336537
65643063383535323266393031323661636637653863636236623163613738376565393765386438
65366364306230303539383535313130663062363634343139376561353830323031653665613130
31316635653330663237336561376131666463306131376465323864356561626265346166393936
30386538353834396664336135333262336462623365306362386535353336613464643235306134
38636361346635353866393136616435616435626531393330666466323261613536626533626663
63643862633231336566636439643838303732643832306461333438633137623161363337303939
30373130346336633834393731633566613730363665633766313334326466316333363166376162
35303331373566306439643565653231663933626364663062636330393565643835333930633561
65343566396338333439373666366165646134383763336435306637376165626234303530313837
30663162623432323030353761323163653939666365336437323135623739653736303334636233
62383464663265373561633965613033376136356639653135336232303430383261303466616638
63653437316138383966386164333631326433653561393935353035316463666262373136316661
38656238623233636233663030353965343362363634333333333764366235356662323437663832
35343438343439656233653365323762613064613462353430396335343265306531613239636563
34643737386133623565326233356531643530356564303461643663623832343034343033353039
31636636633764346566363430373038343936343966643735303130636665653166653538313336
62393034383436383638663839613138336161666236336435393031313830313839393863333065
39326338393333653266336530636537383234353132626333306232643138303336313766303630
36366365383761616337643437353130393763396164383433343635343637303835316632663834
31366436383037333361336537626434303563383239376331633038346533306538666461336231
39323137383662333336376634353866373538343531356336336532376263393334353634323931
62653166366339613534396165393361616265396665616561313632616433656562396362643230
34313138643938653661636662636138346363366138343563323763666131646532356231633164
36356234613632343931613461373565333133656234383438656631393538656335636662636265
62383665346430633532303930316339373237333638616536306435363861613663383964356364
30303565303262373531646538373863653064303736633865646334626538383632643436633037
62306135303938383139643564616536316431383364303163643365626236366465326466343162
35346530373961663863626433346238383131386334366663323262323433393436373162613566
31396161626162323039623738613030386631636431626534346637336236343834316662393339
64316262376233636439623761616432626430393535663330393139666665346533646166663039
35373137303531613232646333323462383431613236646139363965313336366235393332313337
34386562616565383734636666336230636236303135646438336635303336376532396432656161
37333762626563343961653531623234373531623836393466656236653465373765663137646634
35303730663834393736396334323166636431326231333835363162323231376261306639626463
35303833643635343834393665356236313438386330336534636134313831636431356565303138
33373965323963303739663539303463333662326662376338616465346433646333656437613339
35313238323262633734326462346266373432643562623564343839386131396438336466353866
30383135643035343636353864393731613262353933623133353336303534653862376338666566
31323937323731656565653136333666626261343566373732363430633832343266653962376436
33353964643262336466306564343266326665383935663937363331383862373262613038376635
31653031386435613537353630633733666334333232396631636235623930613038356462613135
39663634656461656531646332303864373530613933336563633264376665616436316537633764
63633639643139353832303136646439633663623738656332613365393966643334666266616334
32373436656530373836343139613662633166633030303331616139663865373166663936326335
32343434343739336361346137396337626266366131613634366232323263313962346433336430
33653466656566623631356133326166323132316161313230326133643365306461626539383337
31333431393734383531613136333334393162306332313165353362353633623966366662663466
33326565623264393039323739353063386363643334386139373138663933333133343732653966
39333864653836616135663761343237633231613238646564303632303063356336363264393832
35343766636166353064393433663233383436333535393234326430316439313363646565306438
39623365653938643430323538353837323964653764383136396533373839633637663836646563
61323132666135386365356233346130376138636666643231303332356665653563313936663135
36643738313030643233376166303136646630373536643339663062643736333435643731633339
31653738646631333635623532633834383563663038346337333562643966356532316262393764
38633261313263356565396232323463363536376265323135653539383064363037306565323537
37653063383366636133663561353335643330386461323061643039363664393530343439366137
63366531373066663861646162613765643735643731326439663664396163643133623564666465
32333530633738303034383931336131616337353838356163313964353262323763373832666434
37356166343961623936336631396636373133656661613863343365613435643431396132363732
66376333383963383764616364376365316339383262363963333135633332313462323532393437
62336265613963386332383764386465343734313663306161663133623336333561386136326634
61643934663034376337376161383531613361353061363233613263396438613763383437346336
38333666373532313161663133343366356662653336343830633464613235653264363837366138
31326263643639373438393865383538353464363836366130393239663730623435353165336634
33373664386134623630633339343732343764346530303761353433633539313363636363336466
30666232353266313863346132343133623430353034306661366137356335643631316362333536
34613662353565656234396465396133653863306635636336363637326664383162343762373939
38653361376464663338356530656637663831626662373434333635666430623236633332383533
38623164653537306364303161323237336434666430616334313430373937383639653664313765
39646334663932323834656230383032626434623633333864363238306538343831386538663033
62646364323131616662663036646234636363616139643061613965313033666631313638323662
65386663303934333861303565633033373736343363636633643134656464643537646531303962
39613236393935656634363065643161356365623461643963306639313034363561386563386232
36353162633933343266633232346665653364626639656538663665623665623931303637616133
61326133383937623766326135393739343631366262393733393265366439323164373932613732
35626232363039663237356664336531666265613962303637663138336363626337623463323038
30666263303864346166396632323665323436333864303831353564663637346261613965323566
33613765336533623163333561393363666565646233333965323266636235373765306639393761
66646331333763353332333263336637636139366538316166376334643938643935363136366534
33656437663336386230653464363738393938313231373862393539633561323766616635376462
31353066316433313138663062343233633332316565356635366333323162386662623634333638
34613164373232613837643361636665333164386537623963313031613965656164633464643661
32333231643235353064316631623338666565346133336462353764323139306165613136623834
32356235616565346639663633313738396431333637633733323335616637643761386630326565
30383765653138356161653337656339316366643165633037636534336639623037393431383736
35303564643962366330353930393337653833306664366665656165313735323034313230326630
63393034376534626132653132623231633839656465313762666134363764633635326437373364
37386438303366353862376166613032663866323635353435353361353137656533373137303533
66636366383730633361613435666134633434353731303631306332346166663839366136643935
65383630336134643632346637366233363036663233366137646236343839396161613161636563
65383666626362313262366661373935373735656364396134303433353731376332326562636261
66343765616238646163393438346632653137643965323738613039653035386539636136616233
38306366306164613135373139303564393036383264303536313561303635303538326162336361
64383237646331616163303163346439616532653133623165363265623533663531373032303561
64346563393232666665393339333238616563393865393737653933613564663366663233656166
64336336376233643462363230636666386237653365313063383937323037326663633630623839
63313737313134313466623233646365316461356335626562373962333239663237663237636665
31646132396434316166383330303137323535333564633137643338356461636631646537323231
38633632643834353936313266383363613866373532333363303233396462666466613836306333
38386461656365356462626631306631326363306139393238326562393866373531373831636232
38356339653663626464343437623466636165333361323437313032376532313962386664323538
36323764623461333664393632396630343432373965633733356565646538616463326562623238
39653661326636363834623034643566393966623231393138363531383335306261303733616662
65353035653166346264333038393530643133653437333335633034333238653835326339356338
65666263366565653735663337623465323739383530303738623930316161333134363130616462
37393934396163643566383836376234333861303737373236643630623162376239646430386133
35626238386262373338666236313261393136316265313933636164633163383335316236336661
31613530353964383764353566313230343263333830646432343031326633366365343534363830
34623436326536326433613039373738376436396561313633643534383637323361363733373666
34333237663762373831396664663538363831376338643638313561373166383437386461373565
61333437643630306136343833616361303461363763306164376331653533613664356533656538
32626231343033386137333332323963383431383139636635383434313064346233303165343761
62313937313834656165346530656566656634353934613262306530396431306533323061343832
61326165633563326161343837326162343032653639393232326231363631333837616334303437
64386236636466633337306432376134386335623333303464623861323166663561616161643363
63313539376635396561393234643164346533303066653339353032633637353337336465623434
33643864303830616636653766386537623864386662653463666466396339366130376664356363
63663065353734396436653831343735356661353262396239303865326234636535616533303231
37363966303835653038356163356632396437363936323863303931376230346434326636343531
39306234626364383533626266646136393632323766313337376637316231353439316237653231
62646564303736613362613365383839363936663032383834363839393632643832613464306431
35663637303362373839613835323134306431306134653137663062393334396162376333343437
65643637346162383233636361376138653433326335313166663734653436393439353661343230
34656634343663386361393865396465623532643465373530653339336663616635346331613234
32393631373431616637346135356434326234353437336161616632636561643861313135373339
62613566353236646564373335386465336564663861353531643165646664313164303732346566
36663462333036613663326434383037633462656430313135323633623933323762386531393961
34313330643534626464633361353938633933386130336166363135373138616237666436613436
32353231666363313064636639343865636462613437623139633533636364303931616334633638
62373465653331366432303766303665633638363533316566626633653832373230366138333961
39376436313133373037303363323836393635313737646566333661323137636233366664326536
39373232363861323533623461333238653036393431363534363962386133636262393531336335
36623434663132383233363662313330346662306439626539633736343562636133653137353433
63633231376435353633323333613134666437376336383130386166333832373761386532333738
37643737633635383736636536663130363238316365343361386462383134643138323937343631
38356430646633643566316236386666343030313135653931343465643366656464663639336235
35663064663465613435333838313038313466326534323162323964623835626239626465653663
34306532303739363238356430326434653137626637633737373732373437616563616262656466
37336239393230653066346538393438366132333738396633653733616661663335626262383134
30396630333561313262653566616632303735653034363761373331666339323337643638633031
39313136636137313962656363363430306636366236353930656238393963656334363731616238
31653033323564616134323436306339306432636166313737643933363065656661663430353762
63396362356639306637316263633637386561613763616534646533623435306539396331613733
39306636353762643332646237613864633131376433396338623238623833353136376164313333
31343761373463626263633563373738396161373866363064623162373938343665336563343763
31666432653665313630383339633063626664386563363032356437323431323938653466373361
62346139323135636435343763353533636539313131316631306464363633363835613530633339
64306162356563323461323162613733303163383966663535316134623635343666633631373732
66326130653039653730646431303062373463306333616661346631653135326634626538373066
39633938396133343563363632666234313463643632626330313138626137336633653831346166
39646538396366383732353830323534363061626564323963316335663933333733666633303062
61333432326435643438356263633234663930313934616135383435646232626134363162353531
32326330363732653834346465333836386331646162663134303935663563306333373939346664
62646362343135356437346262646135326661376336656631346635396338383932616361633938
30363664333832323137623131656463386636363465393466623035376439303735663066646333
31373063393563356663336531373063623766313739663236306465613838306161616161383965
36313232623533363734323632636337636364376532653138666438363134393331356530336662
38346331636438616162366337326635356164623136653066393331303033656663663236646237
37376563343130666463313232323965333337653132323961613835613434623461323735643163
32333432376164346132306335643734376434393238373836343863346466663362646134306235
38313530363936343061303765333866666537316234363635326263316564393432326436346436
66653062343036363463613066373732626664626365653464653166366535313062313063363063
65643036363635383537306364656362373234613164303063663562616534333335666631613034
61363035626635353538363234343738346165383732343566353664346432383164396566626538
63303061613732623766343034633330393464613137653335376461346631373432373136383061
34356537626366653532336564613164633333306566643438353333663130666232646531613361
61353632313964313730626565613365643061353331313830336563633536623731373231626665
66353139363335626463303737323134393930363132613662353434303132336262343137313337
37386439383430643739386237613331666138353431653335363066326331616332393731336366
32633661633731316138303934626463313761663436386362353436323463653335343239326461
32626161613666366635306433623538666535646436323436376336396665663736356462633630
66306564613664343736636464383638303964396637363834323433663938666231346462306237
63643562646164376337643364343532396666376632353666346339306162383330663139653332
30656234303135316337633935383837633834356335613130623035653238343364376235363364
32396233346164643132306266396130326266623562366339373639636561646436353066376164
39626439646431636661616235326362366331323061626637613365353239653564383733303363
33666463356337653639663836666263343331343639356335666162393862613131626134616534
39613631306161653233613936623861336366653262353637646236623063613038343339323766
34353736386137666364613339646435373165353835376464663630366566356536363338323734
39316261393264646335636262333965373663643032653631653032643661386262643839386133
63343235303066656132343165346462373139626563653064653363623136623932623137666531
32643465663166373934323563363433386132303862376133633235373038373664353636336366
64366463646463313133643034666564306266626664643433386236653937343639656362373864
37313631393934663062396165393666306337616365373230613936663136623630373932653466
66653334346165373663643763646234353930383432363163663639363935633333313134393864
62353235353963343162313564373332383036636534363436633462383231326266376438393035
64376432363861366637626664623364643663623130383036633236656537303139643030313130
38656530303232613739663639303533363737616437316531303261626138383237326230333762
34343136656562343137353835616132336630393136363031626130306639653766316565353835
66393263333364663633643532303365326661633463386433346536663832613736336532613634
37643265653836643635366636376530326530653439303532393464653132623962326134383030
35633933323265663466613961313236333735636139313030353665356264663166306664333764
63343665316136623739383365353162346137346439393964636635356266376239663939306266
31656661343938663239363130333733643464393439646261653463666435643166336534646363
35633461633234306537323330303030616137613161303230663164363530656664396235333832
63393462333739616534643934376337303737383130356162633239383962336361323962613061
33663834633362613431356230343763343763326361386430356132626139383565653963353431
33383132306139386161393162356131356666323136343564386561373734363033363536343030
39346166393236333530316666316237376233646231663265643532613332326630396630663038
30306562356563376463626366646261386136343531306564303736343539386134623265323366
37343463303066646133366431343530346538613835626265323131336262376431373665326663
34663430646663373533633736393233646561313337346434306334323239373838366537306330
63623938373539333063356166303364613131613539613163666330666634613639386134656531
61656134396663353137363739323562383530366162333237633761353332623239613738663631
65666537636530376236633335356332303966383536366262633235633965333337366266653735
37353639626664626537653731353235636333343361623839363462666163646238303037623935
64633966336661333839656261383234326336333638303364313139646264326139643566333335
35633765373033663935393132613032663266353564393661316231396136323061333537306661
36383735326333623561353939616631323136303264353639626239633831326436643161386563
36313332346163366238343463646331653263316632313230383664333937383734343035326237
35613230613235336666613066656462396363313334636238326232376631646136306464383531
32613638633036653634616362306364353137653938376533306365346637383762663130336666
33393432616230313064306330633131663938316562636264623739643130663161363633646466
39383138663233356532656565366438376634336337333631333265626437353038653838656539
63636664336261313636616165363939653865333564633333633162633236353436306164633963
36333166313161336435386262353538623833613034336462653837643462653537666432633630
37346461623134343036306630333530663130636661333331633436353561316237373339626265
64383433366437376339383336636332393263623637393835323030343163336432333033353063
31663639623230636465313562646631363564353461306464653333363439633163383130653865
65386362643362373938326433346463353961613064386362376362313162333936383733393937
32643430373136346239386139623064383539333066343837316665633133343339663666623765
62323166393366396462313038633035396534326435393764633037666463313166623837623561
39356333313765363561346432633963616164623261353139643363643930326331643132663837
37366339326361373236663666303330643731343834313863316363363964653238306661656533
38636136643734353239643364323636333234386132623437353563353338643530643336613866
34666333306531353237366431323662343138656339353639666461316462316139633665323431
32636361313432396331616266323239323537396532383461666663396238343734363664376638
38616538383238376362653632653537326365346130613562616462663361663337636564303333
62623061633132333531393235636336363432366461643230613236356337376235373965656431
38303136666162636561656539326339663436353635653433373632623833396566616665646235
63386436303330613532623434383734376462623936613431333336633536313134333263393165
64353738333464376132333864613337363265393464663436363838396438333438333366333764
31653336373438393765616138396432653861346435626332383134336432376333303061323339
61353863383732653138376365323366633236643031633764613639303762656133376135636631
61306665363536343266653534316238663536373739643463333136383136363066633266383063
35316435666562343730653234373566656166343862623163326664643961663665663337386132
32653737316163653062306239303362393936343762363262643335366330646638633433626565
32633134366630316533643062333861663063336331303965633938323232343934323139613362
62336162663566643832356564366633373661643462383632373364663835323031303937613037
62333864373562303237616237363464613139656235623363626161646364623030323038343564
34623031323631653936356532343730356337366433363333386235313637396130363839396662
64316136303035326366623533643061643963623830323162393330656564346531363034613631
38306634313035306632303563663033346361616163326661383539326366313532646635326662
31363233323662383562373230396234386237316637663866613933333737356331666464653264
63326638613836646164656135663239343536323632393463623333323039326161623130323436
38623930623866383632613430623061333635303866383033666433386162636337366637386235
63383661306438616439363263376465663432313266313266636136326261666132613862623935
65306661376162333162316437653639376436656139346133666334633236316634393066633661
39623631303531656434633661356635653134623333626637356430363231373337323639653763
34373434306365653565376531353662323339363632313663306236303939376434343538336139
30383461343831366666663630346131653838623832353136356438636435613765356665373835
34356231326462373334633535373433376533333537636538396238653562323433666165393064
61376533386335363534393861636632306365666465636539656162663431616137393337623739
64313332343537643738333539633737323036393337396439333139346265363365653666646436
30386434623832383062383639663863333338356461343564353832653261616638343437383531
37616239353862613538666135373432613365613035663332303637363632366134326264633563
64613263386437653862663364333733363766346566366262323065363963386339643338656164
66363631313131356331326331343836343166643462316333353934386562303466303263363233
31383634383239643663623833383131333264613731323662393333303661653763313063386130
65373730643033633431363963333133663332653937376461656233343134613563643936653162
31663164386439366433663832656466323837383437353362353564626261646162646230613462
37646238303261623264333738323966376566306262663363643764396265386536643234313838
64633463316230356230353263376231316230663033623435313333663962323637346535316437
64353530383263323036623338366639313664646331323236663661326263663864636238636535
36633835356638386364623066323834613166306263326365383437373063323163646331366266
39386330343130616531343366663430613439653531613231633234653837616131363933613635
66633133376564333435303736303839386636346562663464343933646361383937343431336431
32346331303739363466366433386565383536633037643065653238376163623233313238343431
36663837383635613836343431323734326639646163353438353766333935656530313566663631
39383662373865306661313430643437386535323461316461303162333662343139356566336435
33646139623931613430323432386561356330656538623932366661363538393165643161633833
39343136363834323636373162373962613337363737343434303631303637626631373236363565
64353535613335613232316666323663666437656231643739393561316565633335363331323133
65393330613736666232646263363761666364653137313337336533353632333162363265393761
36363331656462646437326639363261633430333837346464616631333136663030396139613035
32393262663964396663333834336664383230393562653839623039623737343934353136306266
38333037393034303338623538336532346635373465363034353132313435356165663230393138
35613932653661396531323263636661626365626462323739316436653839303466353534353533
35313765313737316561356636623034316364633964343630326166633537633361373437343935
64326633623735383666353135333461373338376565373034396337623935643333383030633639
66323731393234666539383066356165653138346232353761386330646565346232333834383864
64646166376238346463373431313465633665346166393863393366383539643136656665396165
62363266343437366631643633623031613366386332313630326161613935626639653734303963
37643362343263383130376139373638633638346264323761633662633866613630333062653532
61366539336137396436623439386333613866643736366532353630393962396530343931666632
61653233363434363637633731313662636130326464613261316630366564383536316463316137
63353663306635356662366264616261666533373839326138643862373930346536663539396439
32343634353134346430646436643264303830343566313861333834393736656664383662323062
63336331643038623732383438616431616633356664636165306265393963666135363664653463
34616562303164613566643862353763343066666434363135653335376566316166653935396131
63326532386638396435373239393366376163666432393762353332306166626638353963306465
36316331373265653264646330623037323133386335633838666564386432666337363263336562
37393362316339356231376262646235313965363734626164393161313836346166383039623064
33323861303238326139343166343362313734363239343361633862346665633539306638396336
36613734373265623730633430366335353166643536353638313339343766373164316439613937
38356431353733653930663864636631643433623463356630346536333764613262383063633331
36313339623636336135353732363262643536303664643435646365363532646636323836386437
35303163313435323636393664363966356262613838653539653636623638313039353336636261
66376432356134643532393934623634646464393537643066383435633233363631333037333834
63353062303764346138333131613237313837313330393238383534316237303965343738356261
31373034643837373836633632663062383033613834633935383234326135346331333730323665
35326563373433323965393738313137376638306433353639633632393433633634663134386231
34653765663035646363643839383635343034343334343165353335323062663963396631646166
38373464346430396330303838313565333333383963636461363738613034346563663263656261
37636137353034373036633363623231626163623963323836326566376563353339336665356237
35316131613532616664613838373865393733353161323162323439663434613337663862633362
65323364636131643632356335343833623939316133636566656462633034373535396133393035
36343161373966303566393830623738646162663164666364646165363932663333313764353165
63386132333665663664313435343066383264336265613462616562653532363966626535356465
65663364643761633662366438363761646165386461363136626139386439333336666433373936
30336433356264613434353233346133373461363735623039313334313730633938313061346538
65393835323139323865353966666136316432346664623265393964666135316135333064633435
35306361393239373430636364643935613166386231636230303663366337653663653633363862
38653235303634653337373062376264633139306563353232316136313661346464303032333437
33646161396332373063656662326135336432343862623233613134623562396230636330313930
66383463373432626138316562623734383864633662346339393738393530343266356634383361
30303566343165666131653233613532623561346161326561653665313266363932633761633763
30343435373565323332316561643531303939653963636631616231306433633064363664636534
34663136363264303236316538303038306235353035336131653134383236613034613935366634
63343137613230306435353066396437643437626136666133646162323035306566323363316365
63383138363131373538623763333264613033616661613562323731333739663537386630633333
30336631646137623566613766343662636134316661663131623961636633326138663834396665
33336437373664303439393762343834626633386130663966613163303337376438366539393335
65333637396161303933313231373362626432633836643433343733633365386438386665336333
39346633383238633566613562323166633035306136623766316432623731353264656361363339
36356164623661666465656663616334326137616136353664633135313538356362663637343064
37646434626530316535623831643639616564356230373130646331333236643035666232653134
39393266653666303831376362303435623964623061643936383565623865626136373433366433
37636638353666386235663337303436623162336330373462373339343830363636653264623362
35623630393236633138626166383164643030386332393333366265373438616636326532303033
63383761653036396631623763666438663838623863643535373939633432613066636130636566
33313330323839363239386564373636663666356137616437373463353136636136323931313437
39383566313561316331636534386439336637386266343639336135616633306366656236326337
34643765623466373837643736343765356530623962396261333962326637386531363534396361
39386362333836653838313036613663633732326466653533656638623962396266623266326630
34663433666539646262623865666535393731366531646262363237613766316633323137653463
66396162623737366131633535333465623631363534636463316364373663393434393439653133
31306433366661636461633338396662346362393739323937306263656365353331613461306564
63653632303039356534623161313432376533643937376238663166346338643864353530656338
66353463656566313135376363653766363437303166373266626664343030383965396233633461
36633763653861616261363466626330623432303332626566313162663166363066393734353037
39313363613332356536313030356339326530393562376632313030613263393131383136376236
64643838313662653539393365326436643664326530663030333865363661383433363335313932
65393434336333313839323937323763343131316165316631303230633466326166346461376666
34343838336362396530373831633866636333643438366432633732376333363634303537613630
66636266333937393432653239336135643761333665366138353661656237636434663036613931
64316561316364313838343264646563363961623864643861643135326435613034326137326263
38306266623437663730393366393434313833386230653832383264333039383365623334613631
30326166623266643064636337323430313631646534613966636437653864393534363433353365
33373737333730386561306162646262313333373038623461303966613064616564333133656665
37653530373366336663623463663036386462313461353230383636346463306266356238323261
32663438373833353564343963396136363665383439373535303736386236346339373436613530
61633464623834303238323733653632353135313535383863373662656436336462643138363735
38616637616639333530623135653732613931353931623038373534653534356461333736363861
63613731313032663862636565666337666230323239393432313631323035326338343030333765
34353831633231303430663361363337636536376263393063393666656533303132373562306462
36336431303461623039663162343865333031623239633731663561613162383266393031613730
63616634353931323837303135323230616236343331626662633966633832643864393836626632
39393436386132663336653463366464633633646665646662646337353938386565383733626262
30306333333335313737666338353065323830353534343261343633636337643333616533363634
38303035393262303063343932636239386436386135363631356334633033363530666562656361
33383534643865336366313031646432653062383963613032386364623637656563633137386530
33613963396530356361393831313933613939353036323730366432653738613834313964623235
30396630376365393431656332623237636633653161373461383233386233643730323232386331
36393936646465633530376532303463393830623031656339363134613566393233383163366263
66323931356639326330313363333839663834303037613432356332316536343264646135343264
66313338383931613165653135316135616462653465666533656135393530316134616639646366
35386662313532646633396433306138633030663130313831316132643366393563343136663731
65666635373639323030353632326135373033633231623764363935373935376339343966343732
37643636356336323766323430623862643435346262633333373036316535623763393438303137
30313333363533313739346133336363353833306130646239363031616331643131316563623230
61653737353437393165366538303132313233336232313565303165656136353932323766613138
30306535343835653134323238303031313730343361656634343137303030333466393439613431
31383636643032306464393464326535613837316134326462373833613639353763633865336435
65323035353930376163666532303762346632346634396139646230646438383335343533613935
38393338353233383133323532373731613466336131613131306238346635353431623064376334
38306163666165376632396533643866386138393432346365633333326531376663613530383764
33306537616530663337633762336135643233646337666363326161316130363832383361336662
39613236646336343333376661333165616239393765313435303662363636333434363235616165
35323934306264356565363865663963623561326536633033353132313365343865643338376234
31333233653930303965613363646665666463393937326632356532353138333265343463376364
33653233346631303661396534636362383461623638353862613066613037393166303061636636
33383239353530336661376538333430633065393431663866613264393761653565363564616666
35376530383939633530396333653630346131383763393463386233396130333161653965663434
35313436656265313039653465396366363037666534626337653261653331656235363162306133
38383339383861663163633632666464303361643231363733346565303365626539396466653636
32636432613765633138663739356166366134336137336337393465336337353138356436356161
35666536653338663631643436346232643632356666333830366136333037643531633264623765
37616361396137633961633639636238643966303061653764326463316139363638373566356331
33323336383866303362666365376162363438633462353064356239393637663966623737346235
61313731383964326137363865353831663637643134386335386663373966626633396164313465
39666233343339376262646131653465366237653261303831396164373034356361343137636636
30323939366561373364333063303538396462386566366562633261363765633466616465633464
31393062633238306638303836633933346134343131393736373130653933633261396364303436
36353737396330656130623536333438316231373531333065313835353036643963373263663539
64613337626633363036333538663462363235623631653363393838343633633230386437643437
64646665336134313738343134373732663766666363623263656164376234653533613765306263
38373631333034633338656434393162373938326337663862383631373363313338633330306464
65656261376230626537653630356238366332373362303664326266666463616232313838383232
64626132323261623537633563353636333966396332636239616238663862356439336235643362
64666233636333353038663365303130613961646134303266353932363063383333393533373632
32646562333062616464616134366235386662626431303662363461373232663235623635643762
36366332376435323266336134646235633435643964396436653538303238356264363266613363
37633363393261336539643439303434386438383537613939383666373566333633393831313865
33373664363430646464343561366237373732663936303062653735366431386437633938643932
34363164643037386264333065646561666237373936376137313037386461383064643431653031
32363236373834633830643433336334623363316566333637663136643164623534323039626164
65643931366364663535666439353064656630656664303637353137336531316561633066626339
33326264643037643132666431393238666561393765646530343865303235626663353739366438
61333035353731376533386664376133653033356532613065613532653332653230303066326538
33346534636634323637333263623662643763343565393964353562323866386238313261336362
36323833366339333063613961323039313337666130363238653230623138303461323934323137
35336238643464306632306665366130623238623065646131386465613666333532306164663631
32333065663464616639323533653466353633326633366235623764343236353666306434636535
62313633373233653365356663353337343562373666326134633962626631653164626532646666
30313238303337623966386631656566626364343333666432643032326531643066633863383736
65333331633237323661626262613031383436616432383734643035393133323030636539626661
65363563313364326433323566666439663765303331343039663437313531613432653537373233
36623739393934386437336231323665333763343330323961363132366530336539393062356461
38313432326664626239393936356366333362323938363436306336316432383362313965636561
34386663643964313235326666613162336331363464633665633161646335333433386634663465
65663735616234616363376238623665376633663431303434663432343032623833313061383538
30636362306538343434633263366439323633613630633232303331353737376430386664333366
34646230636130643630306433633338363536663937666436333432636532656238613231643330
65333537306235363134633961363434623433616364396262613635313064363664366530613530
36353038656337393234346466383164383465336133323331626534633965653862646362616131
64613564653062643539656133313533663263316630353038376264303833333236616632363865
30356333396335316236303461646130336161303132326133366162616264613539326636383731
66393638336231623564333366306330663362633734363532383866363237613863396165643533
62306234303961376435633637366336653039636634653735626538666165313939653539303365
65373233623561396161663333666664373630376565326433616138323333356165333163626339
35376135343932666362383834376539393835336634643035363835613938643661613762626539
33663665376638353032623732326138363434623831356135343533316466653332616434666334
63626335326566626435396539633432353238363634623337336561626336373966326235663765
35323131323839313234333735303731376666396632366136663034613832303438336334316239
37333336373939383234323730613932653163323338663532316336333263376362356464663064
30323932373731316233643630643636386362393633396564653466303534643162613532386337
37623032393430303766623530336363393535383565353464346134373961356266623061373761
36336165646637666238313565393732616336633635393335333561653939373836663362393561
32613835323632663266343639646334613165623930323434623864656130386663613030303531
39356437633864343632363638356139346439653164356538633637623165636266396430623636
62346162346532643830663762383133363131393738356561353065363338396137373633393764
63666336373235616361376438363730316163386265363631313061616134363039326538626332
65376534323135333838316362313833393939313864623265376362626239336138613732613131
39333238323165646137326138356437656365653933303738353936636264363738366130626464
32373763633535323062336463343366333963303735666634373662346635363163306632353662
61366466396566343663623539666633376231346138346138656538383732333938313662663531
61336536613535303933333662316430303835643836383333656134303934663161303562323466
61326565643336326233653038633633623130353636346638663365306139353664386334303233
65646138323633373637663334306266323132393365646630326236656665343864363537656563
38313730353361363430656334306436366639363462336266363139313961313435643736376633
37353066613630303066343966313965323430313165613334643433653138303031346132313764
34663633643333623136303237313136336462313361343135656139626232626536393361646334
65363939366137626130623232316261366239303261373738383738373531373439353836646438
33623833323935616535373139376533306331666132376439333161343233373239666564373931
33333239646665383638616431653966303937633563636235333434316564343966643061396236
31663064663934666661363135343838316236643935306238366336316436326334663831653765
66306462653530333362313837383636373166633532393633373265616363326565623139623135
37356332303764626639366433323731343235343134376337653963376538393062336137376536
34393863343931356236353832623932323565396163376665613362626336616661336233663735
38333432663134386266383362656337613138653862366261626331393637303061643964633831
39653732323531383033613366623164396161386466363738323539333663303630353737356433
34393139636666353566363965666364646365393334636534396331343238386335386337633763
63306337313635363534373330383531613134616237376664643863643763663134653935326639
37383336613434393439386662653865393163373234333963343038386132363237643365613562
32343466303362356236303935623438313736666238373232316463316564316536643639383365
31353961663138373834323334316630366433393561373963613131303335653432336333376461
62656334663732313533613963643262313439303138366264303562613939353966633338343761
38633539316231663265643533393962383162353863373964363532336339616633633432363964
32626336386135666165663138306335356562323964663738636130383463633466306665353536
64613563373762333035623262323534353661333234346165636633366435623833613632346138
30313663613137626563356463363235643733653230326434313761316231666161633536623361
39633832393666316561326163396630356266363835396465633766343964343639353939393239
38393563323136326237353336666233393930306339326530303465396533366231656232363162
39313331343334626333666462643936353962373261326434313965633230636237363131623537
35613135373535626433336432373131666163373566346234343736656563646132303663343134
62653964656566333332663739383566653161343836633332643665626163366430613034346363
34366265303235396362346361326565333536333133353364326136643731366632373734383564
65633330343235633334383730663461356233373766303066616134303163343335343962373861
39616631353563303063666630623463323038373365346162643966633531313364323261616137
66656166653362623636643136663764666565353933396132653139343565396463356137663937
33393337383636626633623237653936613761616431383839643566636636383363306562333634
61386438656238373835396132366537316562306530373931336165346339323134663437633232
39663934333732656265363264363130656132646530666662383333383965613138313436386333
66353335633635383766373132623062663239313966356130646138313961616430646463653262
31616238373965613466373734613931633966643931313239663733356437333637343939353265
62353131386333386131663065333730383736363533313635363462623531663036343237386461
31653437623863353361363334613036343338363466343237613036303732626166346564306335
34383031633764333637633830333763323939346132616266643764336538393131626234336634
36376435636165336362636365643732363665326439666535323037346436383065613233363335
32303835393563363931306234616138366431646134653632656139353261323962663938666433
31633064613836346565393230646364663065326130663038386432633434373763646164356261
62333535343035313132316134633435336465616364316138623865383737356135396635326432
34303638356362643833386130633630636134343866646134363264383365613837653335383832
66333234623138363934333633383132316362326665363261336462396661646439376563623939
65326530353164613934363339313238333563363231303461623933336164353039613365646433
64393439636133633664343738663465663634636139613531333531666239313664333166376431
30343537373661343736623838306461303830333163663231623162666133366238316331616164
66366635623665633632613532626334343335373739653334316330303733643437323164313165
31343166636438623539333732393133633238383138626131333665343466383530393364656234
66653264346332646635363636626630623964393835353637663336623863366665336239343638
35656266663335646164653863653039383665353463356137366130623433326661303361623362
31373631366265353937656263366235613161663039666534666464636636336461626231353232
65396236333336333433666433326561663732633961303134623466386565363334633238626535
39393463376261313263316663363632366238656463326363666562643239313461353231626564
64383031306337666539303066323630326164353631373533363534323764353165646235636238
34393031343233616234333837613535353663363132336565366463373662386262363362326363
32386663376463383266313661323136623834346163643333636233363930613263633131313931
39653330313333636639303832626234393966303835336135666534323035363332663635656531
31306632383335356232363838333635396364353061336636353062646363393232316134333831
37363637303830363936636237626566373231336131366164306330633266343031633863653838
65306165323531633865656664313935326265316431663862616365346664376130386366626565
64653261653935663831356331633835353937353335643537346238353930656333393637313266
65626237333563393135383534383865626466616264613136373337636464623133613639626265
30303432396264333066383865633661626438356536666134373935663239343836643933353066
39656430383964613533333564393839383538373531323137363938373665383539393962373334
33623365346436663961353537623939353537336131353364633037623335363034323963313363
35386536613962663462643966373030376262303264323637636161376361363561373862653636
32353038313534343331343239333538313939346435623131643062396365653839366365626564
39623437636238666631396634666362616339383830623732653765656136386331663163636365
30363632373637643264623236396537323364383236376136303365343965303738656535343732
64616330383537653734623932313239376634356130353965336635326366393136636261653531
33353966346638613034663034396564623437383836376332346639323636333939393532653562
35663261393231366233343262623333396436336239663263316137633935333762323637346437
61363135343433656565623262343038383166663034613938323962646365386334623864303765
36643635343562353737386533346362353036313866396533326136646539613635666563623235
36633662643935613765306530303238333932643366613063636361366631633736313364366163
35303734616631386238636531623037356566336161643137326634393833386136656239653264
35653036373237613164313639613330376338376361633966336331666139663565363230633431
61346136363035316135383437396361303663326333353431303039653931303732616531373932
65343136306662633438643038613636326137323863353434396363376530326639303831373032
30346438353635326161613433653436366263366565316362376264303234343066313166626133
37386464306165333264663632353635316237393935636136313666366330336237313838386134
35643564363138633530616664353836613637643163643636626636643430313839623661303634
30313830393937393837336638303637613466313233656564343637316565396664373831633434
34383232663532393765343832663139646161333063626433623962353464303461313838376239
32343865623539383066663635333231633065656433393939616162376434326364343637333539
36346262643661646563363837336639333462666665376365663765623961633732643165313734
37366263643065643536373838333966646362386666656463346133356461353532353464323338
66383564383334623564333066313863386631653234393531383166613638306466366230653530
32643431373035346139323861316436303262633339363539393038356461323763336639376363
63646138336261336363323039303235343033636233383062396265633039333639363235316331
63396139343739326366303533646538323666643935613632393364353631623366326437666532
65643663303332623036313833316237346363653733393363323138656364303635336635313634
63616565343435613331633362636136396533326630366663313835333963643932396336633236
33353435333039383334316466383461383666353935353066353232346537313361306232353566
66663864373065343933373530343835663835623864356264383532643236326336333934393637
62343634393135643065383265653832663764353235336633313965356338363435353333653133
65303363393137343032333732396463306438636136633764333637303937613437383165376264
39663135333136346331633538613130376134386337623732626635333737646232396537306537
65353934613733353532336233333666303539343439646130626334633937613566363731623130
38386664383963376234663638353639633861326163663261636635623736613664656466366132
31363436343638313337366334623237373563313935643564616438303338316532316333363231
37353566316161346361386463663861636530346364623238386264336633656665386462353931
65383666303463626161343166666666313532623062636138343839313933656439323163373930
61306463313130313063376563356235356637393930346665663333393732373763393361643039
34376639333037363634623363383061643235643234303663613738336634346232323436373665
33333238303934663033313238393131336663343439356265623466626135646430633465396361
30376333386662386539623065653565396430326231386231616337373833653536313338636136
33366137663439613334363264303266326233363365303938363332313738306161653939333461
31373534656530326630356466363730313038636566626562386234653437353163313732616432
30653434613237623664343535383631333362633564616666333765313764356139376539303066
35386239653438386334373264613565333035643234333838393466363331306363626339643763
64666136346565623434373265626165636339343765643365356633366334326534656262313433
31623061363636616338383838653033626162643432346535366134333838616637633831346631
37373135366239626432636135633630336166326531396261373132326434663934383132393830
38353937323230633637663638306331356265396364626332396636666563336137333236303535
37313563626538636132356534356137333036346562356232396434356465663537653462346230
30313031613839666665626665653237303665333435633937393437383634653864323536343137
33643265303437383538616562336266316131336338656230383932323766633231623863323732
37316364316139376231343431353533663266316636616532393132623264313165656532353730
33656535663863363236333565643135353136326636313864396536393630323236383964623265
30343635356566623037386364656633666339343862356161616334313738333962653837366361
66643035326134336366353165313234343564316563306263663435646331643964396336306338
65393066303661323739666136303063666431613632626439653938393361326230373239646130
33346637393735323835393362343335333735303531663066343830623564383932623764633432
37666338376261636364303966366334626332343034653537396237386563643731323138316632
63643265373564383935393731633264373031663235396433663733373663383930623338643830
32633332313634333263623666383665323130333039366537653639633838383665303436383236
32303530623361623138323264633938333463316365633065623833303564386630623639663532
34653263663331656466353861306539346566323439303230623139383765666235633133313263
62313833653035346433326231393762366438363438373564633536643134376464303832306233
66633033316238333735346631303964366561653964643061313635313839616531616465633465
33626437303564613932353438613361633531663536636236366338336232626132653165616438
66613337643731376333666437623835613634663135323437343137663232366430326636373633
37333637616234643733343266643339393932376534383138333035323631376135616138363731
63663931306564353366323634643234663862366466633336663363323038343230346232303462
64323537663139613962353762613637656633383234333062346531316561303330626631656138
30613630386339303236386434323233383338326530646565373362393430323934646135396261
31373162613637613238643537623137656230643862653038653235306162643237396333373736
63323738626431343731316130643533356636366565316338663939346130356161303433653138
34633834356636363730366637353366643434623162306637626562336361663833353866356165
66366163343464303835333933313634383735363039386635393562383536306237623937386631
65333438313130386462333466363336343765393730346262373161363263363239353838323239
66643765623232613361386437613333663232373530323935333537633938613935343165653134
32343734643830343733356363313334613236383162666534316531373534623534653331303937
37323034656662353135306434666262633264306133396631663964346431366331343361373832
32353631366566313366306265653839623939373734376566623632326138376564353331613961
62356331336231333636646638383639633638363933613131633538623462646631323864323930
35303634303439643263363438356133353761336333613931663364386338316239383233383832
64353931396234363830323839616462313663633339356563646236366439356365323534313933
31363039353962663563363064333539343262376337353265636632396233333661376161343737
30393336633835343265636233323562393033666133623934363164346638656239343831393339
39366565633262343937393862633932316231373162353233343439653262623339303632646235
63643134396135386638303663303237633235353032386236613434623133623232373438383766
35386133636465363264356236366161313131333263633465333561663262623630383039633433
34663338396539313663666633623063336230646635396163646432653830363238383334303961
34643864633539653534363062346537313834366138653463636133363735616262346466633538
30326666326565363234343161363235616536396235396136623638373165363366653535363862
33366266623033633537366334656436303732313639316266366166663432653238336431616164
31373138656363656561333264633538343661376337353765633337383361666331303163346537
38643236353964363232633334653662343637363136393162656536363936363239306263313837
61396535383234373637313230373565303637653861306536363762666530633638643531653734
65363764363435376365633936656161623066663763616234383766376137613339643163313834
37383063333236373136303235653336653665353638353431353734313966643563633263643138
30313064343062663131363362366436353432346433623565376561343965383936623234633835
34666135346336306566326233356234383135376631613239386238343139633766396338386338
62346330343431393737336530376631653433303630303731363839636333383661653739316438
39346335613561333939363938643535636633386434376261346433656661623037633563616265
33313538306530666138376636326464393235636437313464666535643461666332643630346532
61396633313933373234353836316263343135366562623065386662633664643036363363386366
38313463636661386163326139393862383265613939393336393936336461303632626237333565
36653431633662303031663731336564313434623263623962623731643266333835303732643561
33343163633036643261363564626633656463343362303164303163366135643838373065303564
32363730636266643430643965363539343234636465343964636136633338326332623964646363
34303063643364336534376361353030326139656366396466343866303065353338346563616131
32373834393661343030353663643064343430353266653235323933663461306137333661653631
61633731393964393434313562666337646466326237666330366332356131336530663734346561
65643964303131363762653464323137616334393962346562376566656661316665663838306663
64626663386264343464363066393362656434316665666337343838323335636437333234613163
66613164616461303135633333333366303464666366353461366661336632376164663661633732
64633130336264656665633338633633623666353639326230303738343732646565646536336530
36353335626139373232323933376164363338643633303930366535656561353064396436656136
36656264336563313030656531613335373866623231376364366662363438303661336262343466
61626234336264303134633063646135633334303432663634383963376532333163356638383037
63363265336536323535393064333736623736393563633636326434656536373339363039383834
65383933313933653765383735326235376332323337643164626336643736323135363133643139
64613565626133353063613563653139353165316363323439663933326163313662613238653139
66643966623765343964343339643463306130313066336334303530353762326535356239313332
61306637343739326133396136653866353632323434383130393431356631623465363630336539
31613461356664346464343737643532383661333332393031333436353434656235393138323863
35323234616439646664383062383432643663383361363461663434326261346235306136626165
33326632346565626465623631393439356264626436616161633162336466373430363862306636
34376361373833386630346631323237646561393838326339613337653861323737393664663161
33613534326134633732343838303862343865353635663535376361646433643633323434636464
63306537306535306337623361633062376636333863326566333465666239386234633336633937
31306164663566383465373735626633396562306332333232653939646261396136663462333532
38363961613930613234363934376631353337343939396630646563313539313638343233623262
66646139343534323139613938316535346239376134363865633234613062353935303438393839
30636636393737613334383762353332356439353264303165653866343637363963643136363064
36323332363938313364346237356635366233353764373732306661313031353835313461396231
62316562623562333835366630303063336438653231323736303833643264323137623462326635
62373061663930626334336264363161383030366337353334313036333438623635653732346130
32336633346664373031646266633361626535363363373461313064663766316662306538303738
62383766393032333936316364653739326135396362363235303364333035633730306665393032
36636631336431383132346366343433323536626631633064313737356365343066646164663039
39633465383035323732613039386563386530316238666334353330636238623035313030386432
37343436663030383664613032316636666261626532613030306263343439333933656361393761
63313634383437613165316139626637396234393336633361313430323162363136366263373538
64313139323964363861313233316437306366343166613966636138323235363264326434633762
61343336346638313066396130656466346332353230626461626561343034396330376462333562
35323035303333323838396531373831353732663561393736623163383430323234353434383432
36373762646230333364343938616166623534636563303464623538666638366665613134626661
63626135366532346232626536306639626266663134336133666438633432303464666463343161
64366662333132303936353632643034666232326530653839306630313261623030646664303065
65323563353330316333613330323662653937633831336531393334643765353865636532623162
63653035376237666630623131633133313730356562623536353730626363336537656433383531
66356162643531353164653966346539343636633236323137306634336437373839343339383366
62623232306135306137386137656664323133306531393032313962633436626231396466373835
34653763636365656434646136653335343766323561663335373634636539343764663531643830
65396534313264383333346637306566363466363935333130623033636664653933316432303762
38333865353564326535663230303865333633623663616635393334386435656162363664306532
65346566393265666466353164623563666638383631363535396264336263303230303165623537
61643665343136633132663038383130646334396239346139376465393636646432643837633462
64323730353638386161373837623735343531623734316366333365383339303132653233663438
66393333366533383731646630646436643462316261643665663864353230353161393264336136
36653366653435656363653466343839616537666436383934656434316539373134316131336133
36353862373461386363306631646465346262333332663733643135346361366234363663343462
34326463663937353336373239343130303539333234343964353137633432386464633738393665
61633565623339386535326538323530663562663534333963366433313362616431313461343330
35393936396166303035383463363435626232663261373935383132376264363930336133343732
38343136636238666532653164626364613666353937323934303535336564326631356666663433
64333762356262623734363062643437663139363230643134363435653539616632633833353064
66633433343535326462356234353730323031353338616664643864343632613861633431396538
62303439356430653933306238386664326538306536326137623439613733376538336432303664
66396435646536316562303861663366633039336531376233386138323631613139366164633966
37346136656665666432393934373266376364663239313136353466623230396136323437623438
63666433373437313235613139353433306233363563653239623234646535623762653865336336
34666363343038366336663063376265646164663238336330383862653231653465666130386133
34366565343161636639386131383361303761316139303234653034663037656539653837626537
35333338386562646531636330613836613035646263346663373462333239636231646639633964
62346632343663613139303434616465303731646431363232353733666262663731656339366662
61626265376139626638303537366437346634316532376335623065633336353766366636663033
38353339636230306639343134653661633532623363613332353131613534326163306437383339
61316337366232313133383534316132666333653465313266616465306433626637666532626133
34656139663630616537306563373534353837633261646161353633653531386433303537636132
34663365656365323031313362623064306633623462383631666437346566616534303162356566
66656234366365386132383631386139613166663438623835616632326161633339303634336637
36313062323630313462353638353634333365613565396432396431643961353864316336363138
30353562303239616238363236343439613966653462333934666665646265666666623935626134
38373133343537353063633261373864613730353066613237303334313636623862366433623439
37386162623131393466373031323734333436366136346234663535373161366630393433356532
65643936383537656431656364353339333339316539343134616231363539336565653635396261
31646234636338656462343732626566333063386265366539666239383933643165376239663062
63313561316131346264633133653338643934663938613333646234326532353637306664343037
38623737643862373361346263613932373365613331656562643137336466306337303661396261
30373636306430333838613838633131613165306233353765656430393330656566316133343837
39653439353537656231623763383966303434616432353461333136326532646234386336376432
62653639303466376365623130353433303231303966656132356138316335626134613333323866
33623333333039633062353837393363633461326264396662353839333537333733306436653566
3832653237303461646639633138313436376561666365393865
