$ANSIBLE_VAULT;1.1;AES256
38626662333735353633333032666333313731313133326632373761626666636130343032353232
6130633234656264363535326262313661623433303533300a623362356161373361393532653561
37656565663664336261383038313566646534666232323139343666356431663735663636323835
3635666130663966360a373438656139633937363133366239663836353834356237373562613636
36363431393735323266366434333665316234633363343664376463353136353863616361336333
66323530663162303565353362343231363863626161393130663562353833613434623732616132
31623533386336363037346537633035653638323230373335316232326131643532646535663464
64363964653138333730613137653733323232376265343539663739323434383461643838636431
61663365626262303766396235653161306263643861303762646238613732363138363263343232
36613161363439366134323832383736383436613864366431303833303036383334343631356263
34353533386436303134333961356539396431303739363461396337303335356666646336303930
63373739396166303139353735336137633031636164353438616663396634356261623538353664
63623739623437616137383065363231353134653363373766366365623830643163386536393935
38303132653036333339303361626134666538353136363334666163613261393435616134333937
62326363373261666634306536633437343039366336613838376466656638306564313031663535
34306337633735393536356563333537303564376632323366656264343132313738613063316234
31643239393638353665333263613136633639326465643739363331346131623731626233643831
63393937653863653234343132393036666130353537366666646265373538303966316463353036
62373431393838643931343661316465306136366436323364626666376535333233356133313033
64343830383066623430646334376564643038616635376463386263303831353962663164666535
63653738613532316434303763656162383437356461386433663163353062373736646362613139
6366383635666332626461633166313532653331313863343831
