$ANSIBLE_VAULT;1.1;AES256
36613062393030306233396433326239366263323632656237316132306361626366636635393530
6133356537636364356133663165383237613463343162350a306638346632313434666339656365
39653266636631386239613366656666376133396238363831613461383962653835353362336639
3230306664323231630a363361626263626365663562656664393462343965353737346264633262
37626432343363663161656330343733626361366338623366303737383232633130383138353236
61646265663966383262343364383238623432373864346461353633396131323664326637623037
37373736623766653161346336326233643937663335643431316461376137663365663430333566
34623165383835333533373864353466643463633665353061393038633864616234636261663933
64326565303139313964323366666262336261316436326231626531666463303737656663666634
64376263313565343639303132663739313138373834316435386233616436313963303836633133
61323736366664373061653137383832373763343636616461356363663638363234623533396563
30303663626135646561663738633161663238636636323131326136623835613361383163343563
34306433643566326366363434646135306166376636343331343936613737663465623361306466
35663562363463626133333563653061663363383133663663316536353638643636353436366365
38343764616231333863353830353462343762656331386530336134353436633337663661303764
66613430666433613561613363353966333433346333656434323939316637323038366261646665
34616238396438373931323931393036313338343337316137383664366432363630653866316633
32363233346237633137356566623938656238616435303266363661663836383063383031323164
33303432353166376364343466353633336462363763303061363365326439656638353039663862
35636562643864663765656661616433303462346530323436316564313563373861313764323165
63656166666437636164326561363233623832643831323136336363323864346466636635386464
39313562313732626332363630623835653135616265383737353466343966326630323238303539
62373165333938616230333430383333306439663538663239343065373732306436316539343763
32346334633964396165316139333332316336386564656262396139376130363466633934666664
63353931366466656130646636623031323937633438653236663538653333646237353462343364
31346563343933613934393761343332393931353636636437313838623331383461313637613638
33616330613736633331323364653935366132376335633266366363333335616365363736616365
34323661383736376163356534643964343038353734383539393435396461313336393432333435
30373931346538313834623338663630353733313166383137626434333065636235366135353163
31353362333961653562336431346332313362356132386262393531396630633532626131626461
31663634303262386539326630313866623038626637346666653464623236326664316130323435
64636663333662643664326333303864353833363965663436383932393036373164343862643231
65643837316263633939363861306233633366336461306232613739323865343533396430376533
36613964393665613537663163663234313264306532363731656337613764663030363661626533
30356338373239343236323530373530303637366566313963393234326364396638623135383164
65636665663230376532616333353263346161363638396436393562343338396665393364366336
35353961633463353562643462373936303531643164303764373638333130313639656332613836
34353430363562343734663633613234633662643962306535336139363936373165346561653461
36396632396136306563643637326564306130646663653438663437653566643964663630343266
63363163333563663533353334633165653333336164663564366536313664333031393038313062
39366566653533366330353861393532396665666530393565613466646138653037383661396134
66366261306433653866373039383862313433323734383637356632363538346266366138386665
66333466613766636365303736393537626163386236343739393138656638663933396662363838
64643566633838343535373463353064613139616363633135373765633332636532303933313638
31343066313832646535616465373563643330336536376332666466343932653837626661663230
38326338623832396132336562393663663762616635303862336637633433666161343632366235
63343934613266653464303136303430396238386139306234386564336434623965393364653262
37313138363566383164336437356131386664356461663964656539373235353930346661373465
31396264623330333961653631356535393663343430653661643065393031656234363832346361
65386630353038376532373531613434366137663339633064376266623834616362656533366530
64393730353263336231646265613135386166393461383161316163313136653938356530653466
31326136363730616135323230363330366130663664646365316332373935303131363963336532
38353633373939303333646638613163326231613366333530653438346636306435316439343661
32353934376663326438336336323336383963653034303931343835623934616538393539376330
36373637386237313138353833386336613466376630376532323331323961636331313431623935
66373165646463333234393837666332656564623039323633626330333333643865353839666330
39323437396334623131626462636365613436623362366262653166353034316165313934643138
64326565373832353831363263323234613361353639386336306635316162633963386335336639
35333632343966323837623764396536333932623034333662363732623733626231323262643035
39313530636538653533623562643532316661396137616135663463633532613962616339326137
66376236353633613262613766336632353763616630323334326530616431653462643966613933
31363863306363623937373932326436653366643562303434336638636433356330633833656362
31663462326139386365303864386238343731613963333632306231636639313931613435633764
35336230663738393164666633663138393437383737303236623263663533373963353938643039
65633433663762366662656564386536623137393636383265643638636531633830323239636263
66356530323739633132313464333439333935326532393366343433653966303733313638663133
66616437303163356632393337663133663266383736663039343030356133623431303738313731
36373266636566316561363337376364396538646564346130353664616238393566363436313035
33336266653933656264393231396564356139303034363536306537376536333735346137323861
35313863613764373435356263306336663136633236613734336462316636613631316265656261
32616235353863623836383766323839313563363462336130353265326661623262333261346562
36313837616439333266666364356165363830323830336631643934626234376462376536316663
39373534306231383439646237363238353336653635393139343035623732643035396364663235
64363965383132323161306565373034343937636237643538303532376332383033323931376262
64613865663066323437366131306162633434323438306339306465356239643436306665326163
35353362363239386331363430363638313934653366323734386331306261316538323061323964
63353234343734656161333362663135333966636566313135343065313433636231626333396538
31313831333336643638656436376638633063643638373735323634633630633033323333616462
34663932636230626230343638373932646231366466383664633464663936346436393963366633
38363661373633393235366163663466313263613064333831316136366166663166633032633234
30336136663430336433373665643462663631663136346366376332616535663261643766326237
38613130333335616333383039646130323136653330316562323530303737393531323431326238
37613761393664666436386336646464646565333234643631323165636639336230353230613738
35303335626364323532613235633565383831383134663666386664333839396366303561663636
39336332323733633561326236396464366233643661646361303364306335383239633333363836
38316463393432356330316264343533393830386364633439366563623035376562653737306662
34393535386539633136306562623539383065353932666635353239393364323337396437343832
36646132363866633138386234373664366661633437346265643564613762326235656565376662
36303138393061366633613665633162643936613832643961613831613361646430383335313536
38616437636539306630616532666266653133623634666637643162383933356237616138393761
38373834303263356539373336373333616662633664346430383639313166623831376363383963
31363265393662613866653765356636323233353736313161353164666436313561396366373033
65633431616436653530373737376337346266343864376165633439623938346639396564653231
32653164313234313130313738316363303764646366373262383665626366343731636361656332
32343532633435353039396131396136303031333539666639393534313939386533373930363662
31353637383935316637323734653136356331633830373233623735666264306237346162376237
36303035613962316264633761326238343436393166663033393430356563373239653733663264
34393262626434363836376538396332663637383133346233643931646464393435353938366263
37366563623565306131613433323666346539346263636637626134393031653534633466613533
35373833323165336166353038393864623563333639353266343534306466393737633332323165
63326531376364643064383765333631656566613061373835386666626134366533386334616163
32303066313430373630653263343338383630623230353531386638363337393435366537346331
62383034333534613239376566386234623737323835373230613034343736623534383466303737
62366263656461383662636430393734303163353439326239316665353864636264323665323863
36663439326264636461353334663036333132363436306461626432303738636566383738623330
65306366626339303963396166646631313231626437303133636262663364616331343266326666
38646138396261626231366539356637376334303234656661393164366336646266663539666638
32383237376264343362346230633766343061303336623633393239396534383934393139386432
30653236333535333965356261633363386163666262623366393530363237353631616263326334
65373465363337313363303137373766663962666166643938386434303134333130306266666232
35343761653634316461356462376637316162383935643866343534353535636364383339366332
37343230363337623632303466613464363632656463663830633665663333326665616533336231
34396436303666633831316230306237326266633763343361303161363030376565633765303463
37623337303530323038383964353265323264626536336434643863306263636330656565313263
38303338646664666634633536336136306237636333343139346265383933633436613138613731
37643563326561393537333161316565663661316431653234616533323163356536653230396338
61393739366337376536656265386438323663313133643438373463653035386339646563633630
65326139626665646435333532313666646233343062306334313465633731383439336263636238
66363864313535666230666163623564343262653964313266663366666434383738353230626164
62656237373432333331343836643438626339323530303663323435376634376235633339333139
65616565373136366239313762336536356130626562386536346364636238303863633837633962
62623937356666383634336264396664386638616266613338303263313561363433303437376661
36333961316666356336316362626335336566666337663264633865633839366161396463613464
36326236646265653366366238303762316365626362346266643535616164303138633266383335
65626132666363663333316365363531303839336137336131383863316662386663626364336165
63653166626638346164323832346130346431393038383730623064613433376163356564306562
61363036326636373931623130653561396665633232646232343738313166396365303032633939
33613634373937373866616433626663623139323733623134393639396465663163643330373234
37346363366137373634353062343032353833383061663134646165636134386436313363386661
33303066323665396464363536303362623466633733616130633135663661663761303264613035
31353963363064333762393132356532343763613535643465363062653365613332663238396662
65303163316433343433653832353031336361326638353533303963383738383662333463366635
65666365653932303536613833646632623032313232366631353165623833666234653030353334
63633963666335636533626263663631373166653363636261393036353738343431333262363132
66646132343632366662363530313466643663333730393132646436383836623331613030373732
37316237616534613064383061653533353365636234383739633138363664356436346534636335
39313037373036326137666332666233343164303139313066626439653539646439623233653039
31666432613430636561636238643864313435373030323461303330633562616433333731633538
64353539613465376437343363336137363933643963396435663135303462663532663737373838
66373632366633626363653361336539303061626136653633613462353765663065646135613933
36326238613835303432356665383135636265396362616134306461633064306462326537336634
39656662376462313438323462626137636538643166306563343337333739653063666335646432
36353236366333373437383061373238633536653863346637636262653932633935303432306631
61663036343561616639316162303536656137306532636434393339376337383764383431393934
64323236346238343036343361303935396437643136666535353733363762306363616638623338
65643330333162643264656337386534383334663063636631343034666337373865386236356165
64383663393231653934313761343036353634303565393539656139386439323663303765383638
35376236393631363633636231633835633732663164626635623938386163306235393031623461
62353166613233636138353364373636633330363164616239663664383761363039313565323963
33313064366137636131646262653835656434666630346566336430626432386533373662316163
62386231663431646231316365316633613734313237336630386262623238643539623264626132
31393466313838643730366164663933393638313034323136633465386165386637363330333165
65333966376239313738373264373861393530343362396436643331313037303863623630623332
62623336303734623437643835353666373661643139613438656639336433633536366431613662
38306233626130306265646538636236633835363430623934373865343666393034323261616164
63656261323336643430373462396631316262356233343732363663353137393235366337373731
38343630643930626537386265376236653364393763343962346166393766636163653930316366
65343464343134383438343839613165343563333737356437376363393038636463373437653032
37343130623831623665343833656531333736653534616261636163653361666666353235323131
62666163656630656137373863653532376466373433396264353766356166666565653737316561
31396439396231663932313839663862616630613965333535656463643366373864346563346564
34626433316662653966386261663366396532373433656463386162633238636265623265613731
34653731626334366134343237653533613139343635663264333437613737623333323839613531
32326138316339343830366662383737636131663634373836376663623230626462393565646138
35383138383063343866356161336139373132333862613637363537643035663933626664386631
37306564643632343764306162666266306534626266653236623766343131356337376466366462
61396666643263393430323534656663303161613363393731346632373261346336626530613833
35343063613361373937616562613239656662643539633938653962626239623935333464316336
36646466376632663030313435393133303361336432323361636332633563666535323837663234
36643161633764653731663537643236343934313931333230653233363134616231326431306162
65376266643765373663373038393663363538613632363733666536303863393134636532663834
66303564623635646131323762653662323438633035623435396437336136616164323339643436
33343130333765336337623661303465623464626363396666646432333236303832666433333761
35663438323237666666333764313035313165376464323434616562663735306434653636636334
31653035343964663764633434356261386338643363666532326336353561323433373334323333
38356237383430303866373361646232636365366462333434326539303038346363306662663733
34663936396534633031613262306432656262306534623036346331633530373931313536626135
36663962663865633962336131646439393666376330363762653232336566623137636638393139
66313563363465323962313665333833373435323834363439626465636337333130363765343561
37663631316631336138363634383761383362653831363434666139633433383962653763643533
33626362343261323938303934386435656362313434396432343662643638306139356539366437
32643338363734616135663861343733313339393662633064626335333035353761623063613032
31373861613362636564333134366536333266653536623233623933323330646233626461663863
35333962316434353639323132653237306661313063363161323062353733383032383865323734
61313261383761323065396539313734356362333765313463363761323935396565366539326636
36613061383035326234363135393562636430323335633734323737663862626266663562613936
64323739353332666436633661396538326338613861323832376564396331356233633166613335
62326631323666653639356136366264613131303035613239643535316163366664626163653439
36623566393730373639636234663337363165656432656263633965396662306635613038323836
37343032373962663265333038656530613666646437663630323238373235343363373237373036
61623565363739396239636464333062326365336138343636363362303963653363353034323730
33303539623137383761313134613063376265363338626361663834353063626565383634353563
35633662643631616237356265613535636131666264326230653837326332643238636230383438
62396535626261623964336639356636656131626534643064363032363130323962656536353766
31346130626263376538343037353864653730336331616265386335623133363939663031343133
66333462313831623532613866396464393961663362363061353231666166333936623535626539
31643232376132633336636262613433313437653931663338383630363739363734613564626363
33643730323466326132396161623239663066333965373633343037366431613462666462373239
64376162663464303538373838363561663934306332633934623364363365343433323631353835
61323862306132636639373730623039663539326435623865666531356536343563393433303434
38356336393031313139383730346361633732353665333561653564663232663966393434346331
65623833313763656430306234626562326530373861363365303030616465326636613930333865
33666661313864363536663234643064353236356261366231336330666566333736326166373435
66376134303465323539616431616631653432346537666261616138363032326263313535376664
36303231656434343065373436353764623266623336366131613938393362363933623434363062
65643863626139613764643638653464333431323566636266613966386631346334646331663437
37346634333562373939313962396565663130366363343466326364363036633531303936663561
33623333653965323063323738333961666132323862396163626230363061333530366239666636
30303864363836383766613636316165366263376334653762653631383032643761303336653639
39373437373762376261306263666538343734356665663961376231633964656261386265356433
38393737393236616531663131613332386132626463343165333464666263666162323766333530
32663761656535323938386364383334316464346132623364343437633762333630383266356337
32313337636635326664356439346263623537346437363662366364666363623336373839666333
38333432353831663932313765653239323839386130316631373330656135616664356361326434
37313239646136383432636232636161323231623531636261616439646537373038306162613132
63323534353330306134373539626231666234323434623865623662323361633838326135613839
63366538656532383730663930306239343432353830346333306435363564386331336264373631
64373534373932363836333964666463633339656431306530663363633763343363323263343761
34313664666230633436383633316364356435313565316139396464393439373537326637343238
62363634613163376264336231656336623132326433353963336266656365306461663165396137
36396633333766633538356137313131316434636630316636633763633134646438663637656635
36326237343265323635306262633938386666356330336465343038383139623962633863303062
36613566653563393163646463373564396132393966653764306536343432313236323362353036
30653865306232396632626561356537313365343133366231393265643638373234643661316561
64323665613063323632326235336266363434333032303963313962303835306533376634353334
62326365636331323165643337333637666434616366306166333461326566316534376139643461
62393566623063633764643139633937366562636637626139333333343761393435383962366466
63613637386432353734656132633638366164343438656437363465393063316665393365343038
39316537343337623634336331626631306637393033376436616133633236633933623962366466
33353932343232343537393636636236663466626638303465663262326462343464616332363136
65663636383639323533383464633834356532363431313763386538613431306335643835383166
30653266366631396133303264323731306566376433313333636430333636646263376266393864
62313065396264393661633938343936346133303031336135626664663863623833316438626361
39333737333264396161626662643631616233326433383136666433383832373237383535613533
34343363653336333133663039616138623361386230356337316530303261646135373931316632
66663831663164333434623966616132396566346635356235343661653637623131336336383735
33313663643264343634613366313336363061663264323862656663386238636162336361336461
30323230316436346364303334356237666263376562666364343539363838333735646136363032
36313335656239643031383436613464643035653530396161616331633034633461326231623834
65613632383238623638336465363764633563623236336134353737663265313636343638633530
35313539396631323833316139306134346539393561336564303230613834366461663365386661
30363131316666306234326334356364323037343134633663666463393934373338663035323466
62393332376236323236393132323962383532316164613039613665356561386466346335623637
63373039363663323834346137633435323865373334646261376232353936366232386235376365
33366662623764396130346138313335396135623961306537343836643639633963366639393632
34356433643566666234613664373466393432323433633865393134643763616663616366306335
64633936393931303836663935356163666438383536313134646337656531373465656635636164
36656262383934353237633731303666383732626664363061663566653065386263313632306231
37623262386234373733393536656665393934363330383536376530323836333035653030326430
36663834326262643137393663663066323237663161386239326366336263623739643439616435
61306132373761373463626437333966656531383236323666656565613561663261623131333462
61363538326562616438646361303365356635343138303934613431366631643130336133653461
31383831343566666338353865306566623731666561353739383630613165373866326166303965
64663865336333353336373130336666646537313764393537356465653532663261353832313066
63363564646265633332346135333662366234653135303864353835313066613963353161633734
31616461356161376139666466323463623863623061666436373335613931626466626336626136
63306464353038643936643134323935396237383236346236316536343665663832326330623739
66663066653762636136656339643861636265333035303437613835343763626432313933633637
66623438653361643461373337393564323332666165316162343139386533656633366364313437
62626430633363653537396638393036633462653563373130323836353664376634643031353530
38626330323166393638613730316564643063653638633531373231393464616239636365666565
65336437316366633836613262303463333239306131323930323865633565656433353636343962
33646339656632636566343162653534643762313264336337663839613561326132393566343136
32333364376530346631353238636465383762653762633432623337646163373166323630376432
32393335343664303834353863653963306532663934663863393536613663343537356166643839
36353631376237393465313731613261363062383539346236636336653165373837316562353334
30356432313062393962356634623232633664616538653734326662363435303339393561316362
35323862323331633236353566313562326163373436626138633430663434633665336361623732
34343062323436613363636665313538653530303562653162363661313666636361366430343661
34336233373735373834626133366233393063316230373738376333646134323035393230623764
36333832666466633639356332323339303262653236636263353662653034393634303734623861
62616361643135646233363435326438633164336262376430396665373762313939316235383639
66363764373533643430303230623266336339366163363632323336643134616662653666323661
38343633343731343266633931653961333539343333393131343361646236386234386134346364
36336137373138326232313536656139633337303134313436666466386538306365646434663330
37656533356366313735613937613965616537626633363130646366663535323365313462336664
34643664396533336662303334663861663831366637626536623237623465353239363331363066
37633839366236653462333535623566346462353261666336366131633766376362643465626635
62323265313434633939363930633062333630616666353636303435356366323132393136386466
35376138623532313164633932333032636465336662333032346334633031613239343032663664
34303932666639643664663639353039646662336634666137616632383839666537343130623231
32353564633832333231613064626133366561343238353238363162353331333632623031333262
62623238393431646366353836323363323463396365646335353464343164346663383237666134
65366465346562653565373764613034303537626461646633383062376563356432373434663337
66346266613363623931656331353937333636363131316365343636633131663131656338356634
30353132343033666131393864323031363463623130346434373665613862653365646335363232
64363734633239323333333637663732336433363361376664623466383734353533666237643363
31396439613466353835336237366334326362656433623366306362336136356562663538633638
38616464323939316632393234623362653933626466653034333730613661623234353162656236
30363933386365343332646637646665613931383365306435323766643138616533383738386333
64346161393436636463643037326335306462366130646134323865383935366363383634356464
63323831303162346662343633666563383130613432303336373761633035323764323564303065
34333936646463323230353363656266386462653266313631636565613132613534366461646161
66303033373237353831633932633539613364323464366432383034303162336461653436333236
37643466616435363539646532656539336330313935656562333839636265306535653863306666
63323539363630356538663563653033353061646331616666643263373135623533346161626333
39376436653938656563613062653466386263373366653865383165646461326466363432313566
65376661623961353664386632623266636566666235313161353639393431316264363838633230
64333433376333383362323934646166306164623366316138336136623631313338373064633537
38303131356232316261366363396137623261616133353034333932346266616231626130663937
30313632303162326535623666393635616361616339306139396436656230383134626534643463
37613033663564383566353436396337643935623736666438643638326630623432316436306636
37353032633533376562303132386166303363323437376663313638653562626330643962643133
31383639353638353336326566643165616463303738383430326537623565306166383530633962
38623138623333663332333862613965356366623065373163613039333366326137386136316464
61383235323662386266383162363539313662616233353035646332336434623039616664633765
38623430623634396162383138333130636561316235363864353731663334356664646334306266
30653563396663643639376437636564383038623234326238376335303465613861616135643038
66636361323032333830613739656663336531356230386239656362653434376465353337343839
34323334663530633764653434633265393261303563303135343065333463333539373635343762
32383665383631343830636435623033666530636331653938326334396162666165663135393361
38646633363037316133623733313561646232373866366463336464363032373837336631613462
65666431353639663166313833333136353934356630323330636163383466353331343038613764
37333032303063616462396533643937336637656536653562353462376438656664323030636437
63343434373162386363626631646564653637343330353735383265393334336433326266633838
36333038343331643432643764303333613230333534326464616263616532633635373234356462
33616434313432356162336139666438396239346165343663396333363266383432636537346462
34643139643737623837633261616137306132663238356634313831363733316534306632366264
35346130316431663162616431356637623137666664336364633861303836313930303238646163
63346334306530346362306437373830313539333261393634353137366566366361336632396361
36613464346630316237613364393838666165303337386365346661366132343433636334363763
33313632626262646336363561616237313165646366343765393236303761336462386562633831
39393064353330353463393736636237663135393433663866323462363864613336663963666535
33363133643330363830366165323131356238373163613035316633366366393930663239633466
61353031353736656666623764373464653832326538333961323765386235316361343138663666
30663033383166303231616633303062333734386135653739353137373936336666343065656631
63633033333131383865633663643931623439326161653565303630353937336533346338363136
31643139616439333438646533623831383931326534383231353962353732373138653764303363
39346435633561666663666336393634613131613161346661636362616361353634626566303238
35326530373666636463333738626237396536666465376138363265373030616232653765393538
37636561343637376637326162343633663865393366313536303534343566313263643438386533
31323930346337383336366262303336643535373564646234326565663731643762646464363833
33613063636434366566393930323265633565303539616565306265653430363032346130373231
39633462323530643264303165353531636330323465383738656135333166626232396136636362
65373038653166363964656632633165636336376435396633636364643731346434383736333639
36633139343935373366323762376639613263663939323739353939633065313062626637346232
36386362646466373036353765353966396265316334623639396633636264376531343062653632
33653537376363623137616335653637323132363130396366613439313739666462626463666165
64366464616533633939663166646461663863663232396331623430386536646133613736383266
32653034333466333266613065363963613038356237376466396165633330643333383532376663
65333965343632333963356666353464376537363231333133386265616530623037383733353131
37643864636161356430303161386631633730313939653862393761653639653639313637336362
32626234643562393163646335396161383164326363313338343232616232643632393133663634
34336334616334376533646437333732323166326236613135303330616332376539623834323263
63313533373433313435393736313961373039663265666565326338633634366466336565323639
66396634633330316239663664306666653537376639313335363531353539306437383064383766
39383337663865633437373234666666353533373738623237643338383866646533613536616132
37396537326535323961303265396234663337643932346633346162373263303065393236656434
62663062383861653833653461636233656665643164633130386632323935316661396138336437
31643563643735383666373239626664383266323732613766333161336631653536653136613337
37643564653261663832303436663063626464613236343835656664326232373661323936376639
66646530366264383864383238663665626138323333363730363339383235323237336261633264
66393130636666363066343238656638363266376363363362643733303739383866643864316664
36333030343565386666333632373831336565633839326638623234636536336230613836343538
36613635383765626631326662653335643166333432663062383734643263303830643564666636
30396166646239383137353134666530643034313230303663383539333864323565356239333133
39653565383539313834633666373266306139303931666631373461323663323635656364366466
32303961363364393039356230613036623563323038386332376439346338363737346663643235
34666336376131663534653634306366353664653765393139626439343535656565323464623931
30396161303332336565383436326163613230313134303339623264386263633762366137353865
30316236326461323231393561653332336462393735376137356435613864336163366364326262
35646433326532376535363032613732323434336635386133653335326634666431303439343063
65396635353264666539313233613066643033383661383763333164366536646164356533393339
63313665366236316138303234363331646261626662336535663333363264653734316333363931
64393661376464313436353632373533313234643031306230396462666639363661633865363535
32613130346264656432386337636362393563386638336261343636346533383037373537626365
35353138643465623834653631303730323434316562633466623962346531646138316336366665
64343133613531376236343130646138633963366635386539343764313266323437613866346633
64396362323763653133643039623933663235363862613534663936646561313339306433643333
3730333336656334623337333264636138353137333361366162
