$ANSIBLE_VAULT;1.1;AES256
38383635623834386437313739373462343231643034653438656131396263643737666364353136
3838363762303561386666663063363065633637663965650a646636326534303761636239646339
38366665313131623432343433616332346466333033363436303732636463363962363535333966
3065383834306534380a643266303138623133356361373664653333383264323332623333343433
63616163653038626663616130326263666563333034336539356663316362326431663439343235
39633461373938346637326635396330313539343636646632366232306638623365663232346266
32333538356437343962393533613532343235633030353664343262306337373864303031353037
31373630326331303139383538333338636665636530383239306364326264643262373861373466
38373062646463323332383739313163393463346466663936663132313330633564636639303138
36383533633262643434663338396266663437383934373166656561333564633333343530323132
37386135333965356231373466643264303634376336326139633934323066656333323266646261
37313433613663313465
