$ANSIBLE_VAULT;1.1;AES256
62646136643030326365333764396465303864393632356661613264366538653664323534376666
6432396234343834616262343338356566383335343332620a323165323064666264656433626430
63326665646364663064393464303961306433633139633032336434396266383561633530623265
3563396338613433320a383162396531303031313338303665343866316634313430373336623836
36323439626136353734613963396130306334323433306562653630313131616136303262623933
63336238653263366362383231623062343634363264396332633733363765326431623762393832
31336363303737623866383536343937653937303931636437396237336335363862373231303038
33616366643764656262643632323461316636643330356633666261613461653463653837316537
38353565383439373133366664613636623331383135356139343866666234333136313936333233
31613832363164376361393830666533316565323763666438383165636265303939376536313639
36646533393439323636303532363634303431346263366434666465613466363234353136323262
38343364323535656330326635346434626430346438643438633332633530356463623566303663
62326665323762383338633561316264383933313961383563326435313338343163653861653032
32663231656434346464346339363233636361646362373065363639653562383139343837656332
33643065376363636233326339306131356430316662316464383938633831363665636535316130
39633036383630386332356234353936376532353764316162653939653632643163356636353063
32333234323766303939313837646639346664363566353262643466313532383931626465663762
65626661646234393364663131363262313664343664376361623835393161353832353037356566
613963383438323762626363613262306262
