$ANSIBLE_VAULT;1.1;AES256
63326165313836323361333039656162383163383934613564666636333237666234343030363235
6334646561306435643863636131356239363237663466380a633633613331646263633230366561
39663631663434363134313762303334616362613938646231363735656236633831343638613634
6135373030303939360a663763616633613066326564353964623532396437623937386237303136
63366537613765643336353635383137373837333265363662376239623330383262643838646561
36316130653730386239353965353731326639616239356132306466386234346561386536316465
62303834663633643465623733626663343661323238643566613562646132633163613136303632
31646665363230303438653564366466316464666534303235313166643038363134623965313835
66363237333830643932636363656237313839353932323764623230386537303537333632666566
32336364336336333161316665316430363139656262343863613330636434633361353065386534
34626436303466663336613037356630626432373766656138393438336565396464383730386462
34323432343135326231333731663139346432323964366136303732623932616563656335386338
37313039666639626630323037373836656261356533383638376538363661313163376533303833
61323161343064353735636232613932643931643735323637373030386563346366393236346366
35666638393061366561323435653735363962353936343936326166303563613430386139336561
39386231656634326265326131336161663235666538303665613035393839643134633235646666
64663538663331653862313032386432356533633066353365636535346335663937393463653536
66343661653862393231333533613331646130626334666632306133323932613833363338396235
62633133613963653237303866613134343561623134626265373930613166316265323334656633
30343939303766323831386639326665336463303238333866313336623735653066343864613365
39653766383834663537366532346233613338366335613934343163303934303963313933326435
33656462316239613035346630636666353531616335656537623862333666346438363534306138
61633166316539306239666333366135363037323764363566386535336266366630316436623531
31646466633336323732356539616530656266353039386234383432316566666166626161383032
61376331643933653733366234616531306335363565306430623730616261623632346265616130
35333639366233353934333462626130643232333732383536346132396237636432623830636438
35653639373737373036396261313536666533323166626136386463333561616162626131363732
37356432313561613331623532333963613539326164363333306338393262386635653939323936
62333438343137386436636438333361333666393532393961373564636335613666336633656535
39353266363638346537353565353235323235633631336634346133333466343238616265353135
37656531313434313061623564616435613736326535393364663436376233336431613037663664
36306231306435383962343232393263396438643030633061656631323439306530653266303532
64323039373435626531353930616239303735333936653632666463393464653834333765623465
32343363623135326138316635393630353736656330316136616561393366353361613661653433
32333262386562626133656366666163343739343232356161616438396261303538643536383464
31623539343338363435303762616532366166383732376135303536626637373834333132666561
33633330383234343637303039343635623764303633383862353036373235333332316462336361
31666238396264386535323136363635343237383233366361643833623533646432386636616335
65363363626136336630623434333836626532616337653530333532303866386539333038343937
35613134336634353564616662653938643134646136356561326462653061346630373931366431
37393066336364626333393963376431396166353332353532633265343132316637393237386436
37666533303633646434666436613033343861613330636138346130353836643434326164623531
61326565346236383863343165613933393761306662653039396437366437356136613134656438
39386665376139353936656364396535666536613432633863336663313134313933636365656464
36303161336665623932366435333139353333333637663731333731663437383834316163363834
65326239633566373731303763323737633439613531656563613665366636373033626363333662
31323830393731323930663339333066313330323462326462323035373964373365353432613334
38343737333931323432363338636237616537393338303166613435336436323130333231336438
64633665346235323362663931633539396338373761666165666335366562663034313033643534
39326133326238343666363035633933646462316166623739653063663830633138616637323664
36323337623631303666383861613730626363333865303164383066333637303830643932313563
61643065343538663632666565346530363830323130343061316636633832393063373265396632
34653066353964623430336263336631333264326134643663646536646632396435313734653834
63363538363434656138343061386133356363663838306639343236333332646130393766616661
33663532353933343538636635646539316631316364386638636630333036396631663835356434
65313561616133366564326664346461336336333930653363643562626535313565303465663631
65643832626563333232623361336666326566663363386163343030636232346233643133386665
36396463343039373138303335343531613538613562636366313331643236633364383936373835
65656662383038363438363037383464323734326631343065356431643765376533313738353637
61316239343334666534343465383138653239613236316137356231376637373436613062623439
64323632393039623033613162343633353463333536383735633262373331666565393239306336
36353565393165326333316466376639336365316631323634636435663639613733363435313233
31396236373039643839383361346536636133363539306137353135626236383935393161616136
63336136653834623863323137313133313736386435633536363665346165373932656166616631
32633462633236306330633462313038383465626436343335393237323434363236306564663630
39366236373137316132336362343330666161646464663466643831346566626262666634636533
31383933653737303533376330626139363630333438366333326463323630626262346465373035
31333130303036323263653931626335313639623564373038613334343063643937323736353832
30323264306130353761316238383837393661633330316537343437373436306361343337393539
65353264636131633931333066316239653362306233393137663236643764363135643365653061
65613661613932353363643831376364393330356566376266616165643337643466653230653236
35396535353033323066346161643238613936626364366133333234313035326533616533386364
65386533333864646265626461663464623864343065393035663732633138313731656138646330
37303262643365613736613435373337313434613664653938346538643939636134633330623562
63316338303162366130376331353464666137323532653638336632366464656662353936626132
64373033633965366264326165356663313764353137616530633162383235653463646365393630
38373839643637666664643031336637633136383237313163383134303064356132316234396130
39326562636530656533366166626561623266643035613362336137653566646238636633366161
61376333656132663466316666353134376162356631343636656564663930373233393532356233
33633235643138393335383462353962666136613833633732633936323837633663353063333030
37623764393963643639366464353039326464383462363631333432353630306530613762646230
30313062373261346133373037313730393636303061316262383963346266323863383762373233
33623038393862323563313263376364303965633636326535643238663839313363646639656537
35376365393163396263316261646233373930363432633862366338396162633733323832383964
66376536323837383235376664303337323639343962303737633765663832636161633939663535
65393364393063623233373561386438396366313464633735666161613330333936653662346361
30623737313762663066326534313765363132333737373465363635386437653864383864303433
65346532363363656266336538306132643639666665303562366639326237333063313337383435
36633366383937343462333632383366396566303863323761353634343861623837663333646666
66323161353038373930376663643466326333663137636132386661366130313339646139343832
32623931336632316438356639613630316231633830323138653562663936323838326334383566
66386638326461633166306337636661373737316636393535646564333437646138646266626362
36386130633666323734383266363037653136306638383165613039343339323738643032633939
64336465383131363266313562613935623638326536373066356463653333316466303436333364
66633438336331396432626162653033646139656465643036356238396364616236313462366234
38663263646466663733623036303633353230383564666132623833383137376137336631616535
33306339663934623366663638346339626132313266666230663761316430306635656262663932
66353533393730636137303664393538323464393162633138643432376364336635313030653437
64663535343332633366303864353333326162386334363065353232336531393765366163346130
34633331303635373136616166313033613132303261323466666330343431383363336264656636
65633530646339346530313164356136646135636236313563623934393862653536366339343361
31313635636436363939653936646562316436656261653531383532376330303937313661303938
65626331316363366135623139373163386131363334303936363163653635383235646335643031
37313262313733386537623262386461376465653831336135326431313763633065616338376531
63376461323866326232613639386536666530383936356664363735366561663863623661346137
39336430396336376130376239333066316166616332363637646136383364663437656236653937
33386335333735656165366236363563323264656330653231326463636664306333306438323866
61326131363265613762383766303362666163333362396366356432343730613034353866643638
33313163303836636335633261323339656365393765643831393364323331623962393564646636
32653830363466303833303635326565353864386630363337653736383434336166376263666338
38316430633962366638663635333931336334313166363266306265343831326133396433363664
34646434306662316465666630666662343935333333616530346565613330663463303836333038
37653835313433326332363132663830393739343862366430303539636238633933313431326261
63333536356465623032356465363961333335383531373739376638313635623836613334613130
31376332643432356539613237366136343465636634383837383737353866383231306535303666
32343666653761626439303334623163643533643538333562663339316135633836376163343630
32333938396538343139353935616561626632363130363365346337303637636666646632623162
35356163386639303430353862393630346332643137303832313634383236613164616331353636
38613861383137633535306134623661643164363264653636303764363534616439666265346632
34343163633630666635633237633838643738363730663037343639653464333863666132623835
63386466363166343731666437326161313931323931323563613730363162373337636164353766
64363835393266323264336661613230356332363633363264343662633830376339376639343363
62313461303239316633356166653962616630323834633263366362643537633264356231623431
38626631393265663739336465376263393333613338396631613236646461326166643765303330
65326130363733663936366230383563383165613536653732343133336632316235393736376466
32373163323732323563353732623635396566326338303238363834313063323237646462343732
35363261386631383862623636363364636266393163313231656665666563623139376630313437
31326334383766616430653637323331323130363431623235653436633834383066336531383235
39623939373565366262346365306432363663643339626135323332623064656462326163643639
63306163366135646130343235623434393538316461663030366366363934343430666636316561
36306136313034623636303637316537613835393137613138643837646336326431663563303638
35316265383231326465623737346464646561643139656661663864386239633862363934666533
63333834393161633461363836656164356230393438343938383831623835356435313865643563
37326630373632366630393632303139613934653561613038373766623330343166663034336537
31616533663931353130343966663037333163663833633538613131613262303961356433653339
35316430333636303335343734646563346231343131623135393833633837646264363065633739
63383837656435643964323866373133316335313664633563616236366132333433663232313862
30336238646163356130303333656330353838666239343162653932303835653338343137633366
65383239386133383463343631313365376365653866373933373263663661663639633430656133
61636234313766663231623038303032343935323435313464396333666462313635376238313638
32626665383066616534646262346331373464663666626632336632333434313236633465346661
66633937616438366530326239376638363037336134393166313866393166626630663232643664
35353064306434333166333666346363343831353939353364626238343331656639663134326637
30636366336233653164313733646532633366353166303030643030363339386634353463633432
32653935393136306132343864616265363438633461663037373261623635383038313236376638
31313535613336303564616461306265626132306630653930623233306365346134623839383139
63643564303736633131663566616265336433396333336431663439613963383738346637376331
30363430613936343132323565303561313636346331303963306563626661636134393833303434
64376534646663613336653636646634316364643565303261643232653936336532316366323461
66343863336164333463663131643763303232333965346262663439653863306538326363343137
31656535323561333832323239303232346535333163313635633434303164343233373531613538
64643139666661333464633334333865396431383932323764336637613539303130333433393938
61613161353938613531346538363765386632633762313661323165393166363431663336303965
37323161306431373939613337386633626362633736663335616264376361653737313364633162
65643761663635306634633866663164363836653633616338303436653065336438333338366331
34656331363262643235373461653339326664656537346530336432343861356139663966623839
37336233306564636639386365646361623836396563333534356335346161343239656336396264
62366137336365646638613835366633633930363139333438373266663963373937303438656363
62323931613861366363323737393937373262366437363738643266353963623039626638363537
63633432623034323033336631333362393137333166613439313331323039626135303262656261
63643162366139636130316238623835613033353264366661343466653535366232336161653863
62656331313031383565376161343939656131616535363462663331353162386133636464356135
65386166313130666163383463333739353030633236393337383064333463366436383862333533
61323132393564376439333836656139323336656434373633336131356632623032346234626238
35383762666630326335313538386431633235333733323333393961646261363731393466303263
34623639643735346338636635633836343534393561623365346465633365653131663262356361
32346138643364323138383631613730623865323036393734306234626165336334643564626331
61306364636164323438383532303662663861643434313765653934393463386161653532333962
64316431663664616461393262316232343430616138353038383934303437343661333261333965
66393237323966316435356135313364363331303339343131653266316464666332386664633063
38323263336335343139626238636333303435383662363035353263393831303035636464386365
65643861306431663765353037613736653134663135646663356361383537353236323438363131
62346337626631643261306236613063633362393862386336326438623661623364323964313338
30666636306465656436363763613863613662616635633461643935363039313839643662616166
62663764633239346237346138323339383662633336373764633633323637376539313166363062
31636237366363346536376536633265353836356163613663386538613939353761343266616464
39646539396237636330353966653038643739636461396139666433343962366633313036636331
31646334666532313034663730323430643038656261646535353262643466653463653361623239
36653762616466333834333034646464343531366235666636623039386136316634323434353031
35313762316561366536663534653066323035616165643832653637356461386430316662653338
61383839313266353130383835653439306132306630396434643431613935333966383133613863
30363965666535633333386131363331623731613033323165343839663433613039623765623338
64613430303632613435333131336165363837643564303031616630396437656266323663343232
38353763653338306164386331646363643966353666343232656462333166363736313061633161
62656530303664333334663330393431643165616136643566373733393332663562326530393732
35343230656162326330393262666135343436643964386136303839613338626165303263643836
61393539623733303235656566643064356533636430393534363438386164323536323537633832
37616161316537386363366437356436643837343030306138356361383566326464653962333238
33613039303234613335653230646236303566306263393536313932383532666437623463646230
32363235333730663866346262366430306161353639623662643835643037636337646237393935
38333464353936386532366630643636623362356164306438643362313566313665363539616263
33636132396236366361663238616563313639396261313934353565666534353963643563653565
35393162356361336366613934363632666132636566623961613830326137613938393563303263
30363535356236366665626464343034616561653539313330383936393165383264656536326435
38636437663937386665313937656535666535663661316339306139356335383837656232656666
30633834353561326663383235383438663665326663363438346230323361316131373634383230
38353664636363393039376330386538653366343265626435643231653036326163303836613732
37363136643665353561663236376261313336396333346330333638373131393132326333656332
38653261643362346261396230356434393462643262383336663164303735643432616365613662
34373031613230303537666139353830396634356238323837643830643233663632366266363836
39306135613037626335653366636161383737663866326565383130326262303737323262353933
35633462373164303337623230326166363131663236613063666666356661633465623433623832
39653133363632626430356434613538313335353164323465643264373463643731383262626337
32613337633661623361336430386431313563623636383365336636336330643762376431623766
33333362363430333531323363656533333137383063393762656438313931326365626363666330
30323661656164623930656463633333663035623336373131326430646633336235363931636230
30343339303966376538656237393639373634306261393062363630636332616364313532653439
31396333373937643335623065323166373731343734323936373036373366346531613334363730
37613238653661653238333364653764643863323336336362633763616531626265333366623633
62366232353632363738646163303433313539343466613733643832393931376236356565336633
34386262366265643166623834646537356265373930373961613631303561343531333531373561
62326163636439363433396334343036313839376137386534633234346662663362663531303866
31326664663664646635616565363564633531303037366565306532636364636335303338643032
66373337646363383238623135393761353933653339386561633630326432613637396666653538
34313930626565326262313235383065356561373439393331643539323432623335636134373364
34323934363531386536333530366664336461663938643639326430623030326463633430383464
30386633663737336262326431643932386563616234616235353533363261613866613633316136
37363939393264303061356630306162306637373235663232313765623065383134383039353363
66313634383732363735643633663862386239623230626238323438316536376263613231613865
65316634373737373439633832336232393237303536396136663030366363353362633762653538
33326336303538646666393533666364653234383261313264313839636366623532323531366236
62356461383239356231333365663339653439656531663137653063313531386661616536363634
39636439613933336139313534373537346131383965376534306436343335316336326563666466
37323763396336363239363161386632353131323766326331613638623061666438376661326532
33346430653230313038336139653735356136323536383637303362396139663331323366386632
31306161656134656537323366383361333134396533346632356337633135663866626634373139
36326161323034656435303764613935633433363934643533363332343835313939636532393739
36623933663530303366623263653536616139303239333264653766626565643964633131623265
31346333353231376162393361393261353439363865643432643832333333313032326364323333
38613236323162316639323363303035336463646339386531373962303639303565646638643637
38666665653762633634343438643061643066306536353332356233663861313166613130333237
32363933316230613537613638313537633663326439363861636661313066613134336133646332
64623966356231393737306532323730363233646236373136343839623330653937323833393831
31306232303637323933313363313062663063303663373361626466313764353138346262666234
39313666333861396263383666303635316461613962323964333335613361373239303764363365
61626165346631616266626336323835343461616361376635376638383039623864353838356630
63393935386630386434373162613738356138666566333563366531616539356163663930643630
32313236656331366232633562373239336139626438663435313730393666636466646530313133
61316333666136653264323933613031373139306637343039363138393831356433643438643164
35366231376533633036656230353435666666353865336430663639313866613039323236633365
63383839353433623164643261343530633931316332313932353336396635373433626564336365
32383239623030633362376266623464313764333239396137386261393639363638396430626637
38663232316465303131643034333432393831303937373433343761623138616431353834386232
37663633343237636466616230373661336663653539336238343131343137323465333265616632
66343162653963653634313163646139656635646538323565633264353663356632316530316564
66333834626465663761366661313634373438663664616265363263376662646464656235313933
32396266343963306133316363636134653335363935616562633939656538663966366463343437
33633234656264376234623830666664366632646131333663616563663131346533613535333966
62356130353437336339356131383436663439373166616136303336316663656261396338396363
35383764326138616364303264363637663965373861613539313630366237306136393330346130
30363964633364316663653366333963663630623539373634376131303262616661646664383063
62363531636138616631356537363930636430363132393462386435343833313532313661626161
65316662336431336436343134323061346432626433316632366462653637336565353132383130
33346234643435393838353162376262343132353864386434663131333732623132643766653034
31366266333063363638653163333535646532333962353733396162643132346332663561623438
63613463326266373034356662626334313763383430656133336664323866333534366666303564
36623264333430643866333666616262353038653437333864323535386132623761333834653230
61653835636438343734663434313238363632633232326238376137383865323861346537346532
36643536326133373233653866373763363964366231386264316332356565663435653230626233
64356562363565353436336331353663663233303866663233633136653332343938393865663431
36616266616435313262646436373335393033393237333334383633383736663763333866336566
65666430366134653739626535356439323266366439643861343466306337663532373665336365
33336238643434666231393831366432653161366465356164303836356234633330313966666130
31306363313633346231626664643463646663326234633964346230666465623061326339626533
66636331643235653534383033366238376438633431636165373862316637333264643633353935
39636131353861356563613362393638333036376237353431633863613333376164376235643162
39623833343666383361373634653366343138303033313663643033626630323339643235323762
64393236353464383333373633326136393366333436366362363431323366623938663665366361
39626430333437626138306132313063326135656466653465643533393437396364353964306330
63613437373331396538666565376564373466636636653664313065356136343632323531333233
33613762363333343765393932616665386134383530363061636539316436653331653933386430
61613736633237303864623862373331646336663666383163626236653062353331336463303561
63366338353461646336393039373564653939363437353432343161373337373461626535396435
36326137333861653133353962336339666635383534326435346237313435376633616333386364
36326633336261376134356335646130373166666131376165323233616166303365636336656533
33633564666565653562376135333234323431613064356537313065393237303837653139623331
34666532653564633861323535646235373763656431366166643035393233333262656534653330
62343832613139333762636433393565663064323739376338336139306439316365383361646133
30343863333534353838396531656231333637633061303264386331666337636233613566303932
37356435323561366232356134383432346639613132313361343664666439303338323633376634
31653161613263326665613366303730306632353431373764646232656566356162376665666339
32343364303638613136616136303836353033373832356637383730306435663231616230653838
64323431663963356431316661383432363563663063323364346662636635666331316233393537
65666330636564666363393233316666313162363364363563326332343033313530316564366333
32623766353436636534343238653461623064373933633264363637313361323532646538303632
33663061613366343134643966393037653233323436373663363163376136623937623936623430
38666165333039333238636435326465326635383131653230316438326535353033643634633631
32653539633534643431643735663832336661393562396663393537356663316563323466323566
61363837613035393339666366376637626131666262663132656465623438616630633032613435
63656531633863353865396331646331663334326562633138633834636337643466643034326139
30383532666164393332376133363837393264653564393062316164373462616563306435633736
37343939363337343730326532383766666138363061643166353837356639306438633730656462
61323566333864613234353266363766633034626233633436313532373436333534313438363136
38333633656235346335373730363536313934306637373634656461636638386132336634396632
61646535326530613036333036316262316230613463333935383565623063306133386562643135
39303265376231356536346535323364366162316136386565336333366538316435363361343431
65343762353963623037316131343933386432313764363534393534653134616330313536653365
65373365616337336636306436613964666563633561326234326564313866383766666231303632
64353863623438353164373361656232303339636664613430626666366630376563306431343665
34313065613963346461356337373736346434653232613538343432613264623738363231643066
39333565646134613137363765383764316263343238333237636333633430633864393236396132
39353835346439346539326339356632643437343362613034396461393734646262623764643331
34373531323262623066653263306237336236633362613664666365353833613630396562333438
64633837326163333338363832636530313439626530663033353063323265643638306463323339
37386530306336653566313162373139373632306566313961376533353363323736656361646164
30323137376630626462323661386139646662626337363264343961356264643665663037313861
64613339626231353036393563303734393638626163366237326433656564356434656332643435
31346633656334306337343164306264663766383736333234326262326364363230643333616337
63373734353961383562646332303838373938393332346234333233623439346564303939613766
34373738303131376635303461613639356538626537653162653135386337663265303430333136
36353766333461323832633661356135626361653461316236376362366566353064646439643466
65363935393365333265646438633039653965313439366436656361613938643864393734363638
31323066643161623635313032356631613038323361613635316534373965616137376631383537
38383264633336343664313565666463373932633430626635326533373032373936623435326331
61636365363035356431336230356539623836326663613665396661616161333337326333613736
65653037326664353235346463343734396663396561366235353261303233663734353931333862
31663664656435343362626630643661326430323636373261363563396564643162666261353338
30303362396266383530633764653937303663613630316664363430653662643934326438653131
30393864643438353362306230373565343864306664373438323363353631333265343830363330
38386466373630653730653665383633333234303833363766366338313661323936353761613866
66356230613538343834613361346336386666646238393735303965343365623630313137306339
39353165613361396261343538316466343961393762613030393733366531613261653635346163
36396265343936643739633233313134643866356533643037323032636637353966316432356335
61653435326265343639616665396462313162653235653134633431356562623636646530383734
36396162643864366239636364643936323631616661303730666364663835366537356530663932
66393264653662353861313935363962343961633963656161623137326561636434363631316232
33376566323865666437633234363135353932336636306236616539663466336362386131323834
34613739316564653538623332643234326230663165646632303861633535623231656638336537
34303737653938333035666662656361383837393134393637383632633638633235613263323038
38326335383564396631356130383937346635356466646531316532303631636230303735336630
32383232393731623239653735363461346233393632633235343537613339633034333239626262
65613336333663306632373666323235313866616630666661363562393766613538656632313937
33646165356235323866396330613536306464386430613237343465353865373936316461616633
39643766373564333137346661383733653536653933616232633964636338616633333338326561
32636335306365656134656464626133303764666437323165303736353239636538363339633561
39366131393638313137666636616130363761383439616538643364613136613138333730636566
31313362633666643137303034653635356165656231356332633965363530393566376136353438
35653036633166326336316333663635613962633531646464386363353039623065343963393966
31326232623537393636346435666431613834623730356164333533666634373735653765313065
39303764666462623265353133363439323134653761383138313738343532363532356363616136
36656433356562396133323662613561643965666434356532353538353662376533613439303564
64393363353938313531333233386138636265616466633531383832663562633734653436336235
63313065383431646264353439613262643438356436353239626665653030623535633666626532
31363039303062646661643332316530306564653961346666356137646537313636353535316638
36336633303735353933323333373935663462353961333439663332386636633964613764393462
61386237353861656165333632333066653538306333613239636533343262613666383231623936
37336333393632343232383636313432333338663562313637336562396531393066303330316135
37366165643565666531316564336463343339393265393438633736656562313135336536623166
33373232346636313938653336643431613239383961643637363632653931323933343433346132
61656235363737343032326237366430613339613863613430353431666565616664623237353561
35343762356462313030643462303066663037386638363065363532663366643663383333316163
64356337626164313031353365636234623537353433336666396465366538393031306364323131
34643562663465346335303436366261616161653032623734383835633762613532333863623433
66666238353763333539656438666533363732613762663463386264633832333632376661363866
64653031376465306162386334316362663235393265303663373166633665356435653463666536
63653234663431363864303236653137626332363262373761306461633435366631666533623435
33656265613537633065336330643362613437643065383136343331383162323839303465353263
63356565353437663035616632383732303834386565323533393134643137313031363734366437
66663162383534613038666633383162616132633436386238633161336134343164323664333934
36383163633435303037366536343432626233383164306361356236633639353738626336316162
62656637313131643530613531393936623738646334636138633338306132386436653035376562
31336531326431313438633735643231343732356132636131393066336465613335653833626266
61343230306238316463366231303461376364633435323535666538626335333162633734316335
36326439373130646435653165653139643963363535666466643661396131666132386664663338
33313864323833306135323232376531653963353564363562336439623831613161633562653637
39323362646565303732323438353730663338383332393233666464663062393136333762353164
30663938636636613531393061623737363738303662353732383538646639303433356634326166
37323133343438353738373631303830653765303862623537343932313334373337376666646665
36653537366637333930303363336530663236326565323365326336636331613666373130653533
36313239376263656363616261326236626361383031323530366165373433633238663464313263
38663035663336626263666137306538373863656431323263653766366535643866376664643231
35643234623965373030633536366632386462333735343431623965373333616663653031643264
32363431346266616161303865373466363838383066316663393933393734346662303133316162
62326661393061353438646230643732366430383339343739373236663563663261346538393638
30386665376536393636393030366130306262333564613365616533656334616261363764313635
36313865636164333839393364623738323132663233303666333839326362366463633437366535
65363739626635333431333333363933393036323266316137363534303831376165333939633333
32303636333538366361633633333635383239666339613039313432306130346565323735653533
63656433393835356230336636333736363337656335373133336266363230326638396530343337
37363335623138326263643039333934666230383834626334393561373265626466333963366138
31303163383436373239326236303964343336343437333136376430613162613636386537666635
34666464386638636331646435396661326339653366623335346630373066386562316664643866
63353465303962336664656262306230393933333664353733316238353232356533623031633436
39663034386664646133656237656433346530313032356666623732613836333965303864316636
32663038656335376630613935343462326335356666326265626465343136306265303563346538
36353832353265396138343064613763373038326233396636343566313539353861323533663361
35663934313032323438323335326131653134356334653638313138636331373065653562383136
64353539653635343632663765376336393135306338386564313439393938386162306139396133
62326163336566363431616434663361363537343837623361633862653564633363363934313265
66353037336238363064366165393263313932343264633439313535316537646330333437653936
31343264383538383038363264376233306338303135656530633735313831353064633539656264
33303062323162363639303035326465323737653964393461383632663535313939363931366535
63306162616361363131366635353337643438326138646133653833313733383162393037336261
38663334623230343930613634363761656138633932316136656165616637663835616165633563
31636638663463393931396333666431383833333863623838313039346236663337313335393931
32646332626434656362373035393235386131323438383339626635623532333631363633623839
61613461643034326639323935663866396638393861626263303237313830383032363332393836
63353834306333663532343834356131633139646139323964613563353863366639616266313866
33643462643762353531363939323635346462333738373230643638613864613436383534633830
34306138326436393262303636326231316463363761626665623430353461663438623636303736
34613339313963393265343832656361666630663537616164646532613639633865353764386135
63356561336164343363306538396533373236326631613131363235383265626135386231663865
39613766393633656439363439326132653737663730353835636438326263623864626432323630
62343335313836393230373739373534613766623130356430383236623635336637376437373963
66353334383734653935303266646662333263356137336230336364356562626638613439666161
34373938303133653361653463366163653637616263643263383331613530393136323634616630
32663530656338373139363963303966373838396133643732376431373163613366393934383832
31623065376131353630613566623634656566383633653666646435393130653832313065396338
34366564396138626138663465626134356564633261636631653134393131396164393431303463
36636133366635666236353137323661373036316530666431336161613939623066653464353335
37366663353532643965323033656232316564396337316466646330316566313061313932323363
62303533633638366337306463353936633532613766343766323437313837616265313837633333
66623661393266663864633530313531363062663935303131356237383736316364656330393238
65303338633633386338633735303662353035613437666466643532363134376661626164623839
62316631366431626365363132306132313437343930323933643835623663393561306666326262
62336462356164646431333630643236393939326532643735306235366361303466396635656334
61316464383361646136343237396266643634633761633962663137636336643365633264383962
63356562613634313463396462386237353364373761663037653463353338623439303635623336
35333631333664366332613430323736356133626531653539373638306439633638303830613735
35643036383130326534343336656334373465623263376365613431646633313838333936623932
37373439623730306266623163656162303461363938393366653263636262303966363164376564
32373333393438393336393566336633363537313637366134643432646135336230643737313431
65346233623038616561353634356165626235386132616563393839323637653335376531316365
33373063363839663833373365643532393866643164386636323362326366613636343164323166
31346639623134336639316263383365336634363063323037333265356364353164636561393435
34636639383637316539653735626538643165373765646264623332393665666131336330613131
35626531653732663230316236616532383836303136356333383865386166613336616366383963
37386564623137646165636566323830623165373333646561623566393364633839376436633833
37633239336363623364646162306233353966376533646637376561623130323736646538383661
30373138306664663764623466373262633136353234356362313666613130343062663761623362
34383733333138363437363034643234393264653438613536333664313363363834653133613164
37663262353036353033303235653032323833333665643634393765623764333761303134396333
30386636336663323364646662623938343637393166383564643634646362623862333432616331
31346330633530666262346635383864393938363534643862343135323237353036633962303636
65656134396630343331613136346333376536376432326233623461383866346238613439393662
66333764313236613839343231306532353264303038333236613838316561343135633437646164
39633136303830316438663936356237393731386465356233333264366236313535363965643334
63316132316332656664333933353166383263306662353264363431656230373230303764653335
34363936643865666662336165656666363439346561353566316335613463663434656132336661
34646462623238323335373939313538306137323238313066383563376366633235616463623661
35323266346139393131613834643139643664633731306463323965366439333562396430356162
31643264663739313536633965396339653839393030643335373337386663623063663932653263
34633864376533333162366636306537616235356339623733313132366432386233663031663730
63346132336439623432623865376336393630613435613566363830313937313534313862383437
65313639363131633934326538366163373034643263626235646433623434376462623765396263
30623836353831336166323035336236633263373130323261313832363762633633346561316365
63386636613664653063666164643633373166386231626362643862343833386466393636653139
61343539336636643463303230393736333533376632393861373734663762623261356365383263
30333139653636613666616532303737643262323061343562366638656433323437663961396339
37346266343361356664643637333663313266343465313366613331353836653639346631383131
61343933333631346130626531343561323565323331643831643731396236306362353132613032
61613431613035303264636230386138326330663566623538383965386135396232343062666138
36613665393833376362333734366436343963356634613036626165623736333933313035396138
39373132626638636631333833626230666232326139343030303936333735663731323764656339
30626232376632366335643663333237613564306637663038383032656631393765646565323230
63643330343136333330373935646163643435373738646335373836633332356235346162316638
62376437626333626366643335343931336531656530643731313364303765333336636535653933
35326133656561643365626434356633373038356666336261653538393165653837633835303162
36656332346239333566616166303832313935313664313130386534653365383539636463623732
66316330666461376437663863376230323139656666313365353737393239356264316432623961
63376166323136623633303634373465663164393433396336626434623732316438623330366438
66346462663034366239316262336339366436303135636234653166663532646130343036313166
32303664393032666530326531626530623532356436336434616666666130306566623965316166
38363766373963353661613962616361356537646666633036303564353439613864663765633432
62343163386264613832643132636439663865363963306136623437383533313439346537626562
64316661663333393734333162343465356666653963666662623264383961373464313761626136
66626537383065373464346366313837663361323337663638646334383039316664633566373633
30366430666464636539333363353932333539356262633236303466326332386635306333633134
39633430383837363563383038306561336564636639626266623462333266653963366632613239
65303762613233343465626536643838313139356434616161393162323662353665646338633032
66376234666566663433663935363637656433626532643361326563653361336134363336343063
65393130643738393837303964633664393434616130613938396364376365383361633639396461
31623232306331343131633463383033343362626365356363613066663362303661383238326234
64653537346562303336306437363664633538663466646462346665373736643439666438383462
66636538646532373533623333323839366234313164633661613335626332373938333061363736
65383537313163623433316562636136323933646566643739393432613331326130326531626166
39303366376233393535326237336638613963323136356539623133373063353736306566663538
31316335653964633335386137656335643364383363656633623531623164353565656530626533
66653832323965636562353339393938373566353964323063653865643031393335626362336137
62346530326236326337323830323331653734656633613564396637326464343937366663366663
30336435643838356135363737326630343832623066313030656361656432613132663138396133
38313437343763373236346634346562666330633365653635366564653631653039363335626334
35653066333862313861653866656666343431316337643561316234376130333733613437393262
32326265656632343736613164323336653361383461346665323933643236663538353232386537
32666331336131353162336236623235623930323863643137303164663866646234393365633062
38613763333461313538373339346231316161626262643634303933653366303461386435396362
66376164326233346637656462333862663032616537323361326337323838643638343562316563
64343066333134363361626239653230383065633363393764373330623033303362373565623362
35386638396163313662616536383463663731396635623563323266393031636535656237316364
32363163326433353234633565333534353561636234303739376666313663343839373861313235
66633438373539336464643962353064623835636161613933623739643534343339616133343633
65643366663664616662656630343362643734306439643933613832346161396262373630343232
33313639353463393864393539373136353134636331383539336430623666333631393738653261
63636232353031656338333063313034343061633365643636386362636263653435323334323133
37633930336666373432383339383936346537326336333833306164396164333565666566643966
35396361633864316431326366393337363135373237326564336633666438303633316632316137
38633733363138653838663736663237373163343630626132313133326664363634643161326464
37353464393532666132643861626332383630316364313235386163643261646166313239656165
31643337616663356535346232396165633938643331356535306536333438633264353235376334
32393039393964303231633635613061353263653437376438636535646133666161393364633531
32346533653664346130616131633632333861643537333033633062363039356332336466323333
38343365303665633739346435363539343133636539346363353434393230666337303663613566
65333035323238393664373264366130373365353938386630353262373162643465663064383639
35626333366433393838316531393963623336313866313539396239626431666331316330326438
37386633323238393561613065653237663362366362306365613032356264336134663034303562
30383263336665653330346239383161386263626164343432616434326434633037623038303336
64313739393562393931353262623331316236326132653034326332363431653764663361363665
64623762323235616238373836303333323435333937383961633830613465636265323532656336
36633733333236366639626333396632373834316430633866373061336235366535643935383565
33336536623434376637333236653138663934636438656566386261373433333938326163303964
34643862346462396330663837666265623165323933646434646465393563636638656536343962
65393364323263613137323832396630313661663166653363623738623839616234396238363336
64346130643162343964623533353566623037323733613166626466643962626461383630653639
61326131396162623739366338653165636465643061343430316463613638633662633437356334
37373731613339613465626430303036646364313164643432366130366664643132323735653264
37396135313233656166353634356331313432616465306266343362326132353936353661373635
31666464373231316638613530363531333364633930386335336634643531306430373431653132
32646239636430313662373837386462623737383165363434646530656562306561356161656335
64653933383863386131383530343631393438646435333834666133323761346434306135373962
33613565333130333665343832613938383034333031333261303561656233643839626466356237
65356339363464633165316661343138343731396566663162353436316233633931346261366362
37653330613665383030346365653634393363623437616531336631326562353935626161326132
34386339633861643962313663396238306136306365336639336666333062616566353230373534
32616161363063303233306535333439306431386136646633323439313131393663636266656161
36343834613739303534356563353934343830353933313661646265333131623962613337643536
37326162396463323465323665323339323836313836633930646336343032393239343330363564
65656535653737656563323637386162363663656262663736383164373633316631623137353131
66313565396130356434326133643731373637343130623430643833323239323030393135636635
63386239396533383636373265336535306163333539376466656432626537353430373665353035
36356263663066316361616338643965386261333163373638356266633263363235323965653165
38623563346234656231666561663936386135666335356237363937376664326338623837653434
35383965663662616162326530316334343139393733626665646537653864386639343139353063
34643037616238653363386461633964663931653739366234326130363130613661653230326435
39656439616664643664616630623961353039383064613436376439353133623362666163613838
34333834646332346361643430313234353937363936336532353237616338666664373932306330
32653961323037363338313965373762643261393866323261356164376136316536393036653363
31383930326332633433633863363233316237663936346265336365376330393931623066313763
32666139623932313362383237626662326232303635363734373264316234383561303465356663
64376133333437303534633438313866303937363266393034376666663861386663316364366231
66393835636261616336616132356664643933396439653339353038316137396466623966353336
37323735653335363033626433323662323062633062376563663531303435633665333061646239
63633233633535613137356632363932323762386232313731333939316439323561613863376637
34626361393565376563643733663734653734353364656462373161303936646562373634326562
34643464613235306262616139343931343534363533656631383261663737626664313832356462
64353832613865613462356164326664326335666630323936353033303437666331353936323239
64393037343430336664306237346164613937346638353931613334643163363364323764316336
31643030633661633231626535303961323535373931616331306230373335313239656539616564
30323537353737303233613733313162346261383035646430303031393863646630366432366639
32393233346661643362653939363536343131653662626636353631373031393137323733623033
30363965646437373065336631353230376363306132306465326562303534633437306630323763
37623636303936353633393964646365363432356465326263393835653332316561643761653265
36353536666333623134623038613938383763646461643864333438326133653662343232306236
64653463643065363937643533346330623337646231663462656333376333376561646466383861
62666235323836663131343736326236626431666335326533396465656533366631663765336264
64373465363263663230623038343031663165613535666137656636306130336532313433333461
64393733623530663561383838326166656534663062363035643765656365393964383066666365
37623336373662623132616165656462666333383138313833353163383131303231353864616361
33386263636164626438313962393130643433363334356239356264616561343335356262323362
64363230633464303636643235323963636331663464656461313335626436653234313638316431
36373365633232343265353962346465383465396237323161316531336366306337643261346564
36356464323233336134353337383232316633376466616362316636653935323961356231393636
34393833316636376165376562613133373163623436396436623535316138626637646436633965
66633531643364313930656165363636386663303636373961613736386461313233313562643330
33316330646332636439663134373865653465663261643738663261316465666464303366663934
30303136656163373039306263323635366237333564303233613538336664356338356132373263
36343066326631616164643239313430366636336562613530646162646337303033326366373230
66343335333034613032386236323061333165383266303337313634323361363838623431343031
63366564383063646436366630343632386663326565323261643332323764643136663236626134
37376564663835346332623064393266383932333932376161616239626631383537323533383864
61393762373063653063373435653535666364336336393136343966346435646566393130663434
62333162336636396237613062326564623134633132343136663835313137623166646261643966
32326663366237396663393034623732363232336266653961383163643563313632396536373437
30633736636331376536323139373137346164663361366631303464646134326534333165663261
30663332623938343639663339356635323331353864626166353264303431396166643831626339
63306336346663333666636636336632643737306637373065333539333931366632373336396363
34333737326662623935333762306636396535303435393163323334366632646132623230393638
39623266363262346435313766643738636530313534333930386535363761326238353833326263
36656134623432363566343463323265663332613964303535356331303764303731306565336637
65623863616530663035636235336462346565323831653866333435306138653739643163353732
64626561343665356132663438363061663863393865383463626238393430636262363331323839
36363230376237363638636638333133616566353438336338316264666639326362653265633037
64336232326666373938653439316135363839363336343262386336393965346231363136643738
31613163646439366365656232366563326665373937333461393530393932326436616165323461
39336432663762643961656363616535326432623436313535373061326265643261376231653035
61336165376231376262663536376336386533306364343633613632396438326131623964643230
61346230333034336533353932656262313363656362356531326435326636376562643461333262
36363135316365626562386234643230323639336466336161636537653938336233393362386333
38623563326437306435303334643361343837363632653335323535316330313431666537376431
38373462613262353962646430626235663261386435666336373439643634303666366434303634
65366538646334336566303133326232336532383339396564346134366238333837373838306662
33343461653964626266373337393237666530316238343966383234353934373836376663373637
36373563613935353138333637633737393661316333373739653831323164383237396533323038
31626166643035373561363762663339313562633662363030393164366562663531366161323237
63623863643735353930313161383966346265393762613431633366333639326139303638663832
34323365383132366661623263616561316130316432313933643134323133356565623633363661
33616162653961613536356634643432326437353962396464646637656465616461663933336131
31393865386633653034646134303730383839666163383633663262356531636230343164366136
30626430353931653938336131313365346635326533643961646466303030326430643366653135
30326264613831326238666261373930346139363463373563343664376361653535376265393864
36343065636534646633613538616233626665626132333338373631653238316166313262396262
62653933656336306638626561333037323633333837303162383334363537353738623237383030
30636664646232333432366332303935373766616262356465623064643666393034366265313566
63613432613136326361353130353237636536343261353331363136376430386136633531306166
66666632633734373238346431313031633335623538363461663331633966336538346334623135
64316338313439303333306434336637323935383565343133633261366236663364623932366539
61616539356233313665366666363839333034373436653535326532633462623265643938663930
30393939646162643933323937643065306539376638656434393031373361333238663837663365
33323039336562386261316333663833643839653461656562613865376265393862363338373234
37653965666132323264663732373763306138303032383165653563383261623864336561326664
61623933376161323637616165393638613036383837643765353363353535643835393137666264
33363538363736313231303333383462613866383163303265656234373365386536663264323233
34326230653961613263353337363539653365363332383738393565353139353464633361343232
34633231623830643862663964376630633731393437393731663930376139343435373034633338
38666264623762643764383034613764303434343630616233306632376130303538616433313938
33333133373661366233623337626264303966336235646338613662313839386637656530333161
66353737343165323166633936386139356334663433613333643435323333653763393964306632
32333236306539366462306333633061633233383666386162663938373261323335376336363830
30346465363738633938643138376365663034356433303764643462393764303464393536643237
63613834366531373665383163643336326135303765366139373334306130613738656565616634
31336363373438623763333534306563613265363634323033306638616466393361303531346166
38366432306363326633663864383436646538313963316234376330333837613131373061653363
37386334656232373937323834656534303862663862613533383432636638666366313736353364
65333562346562636536313864383432336563626535326435393434353864343762306264316231
63356338343131313030623264613339643437343964643962636237353631303836666232353638
65646530373462333064653033353434653839386666353061393331643734613666613466623961
39623333666339346131336365643066386431336531343235313365363062326664316263643963
62343036333531613430666165333666366563623064386432386337666535333662333034616237
39343534353031313235386232303334303138646365663162613935396665303962323433306231
34366466643832323738623366333864613735306334663938373066643034653634616236653463
32656131333633616436636666373435646132323039316266373261313766356561636635303162
37656234626232346238393965623733656663653835323561306464373334626336393230346431
30333361373461353061633763663865306661303263353532373665306565653633633266383238
36623635353263333937386566613834623762633966363866666265363365396630656661643331
30663663663636363765323339343862303438353661626533323838633731396330383835646263
38323233336535356438633232363863663133316430333966616563333462323862363431343366
37643735633935613232363464333934613166623464663063643130663133356537353733303362
65396238613664623038383939383237623438626634363636653839363637303539313066616237
65303635333239653263313230636130313863666439383961636461343935343933316561316565
34383134643837373939363333653838626233343763376461386564336161353234376463313532
62656239343264626137333334373666373334303766653135656435316561636633356663663063
37306563373031323139613531326337366637363636396361316637633361333361663062653532
63633862376434383466343361306562626634363563613436613161313865363434323939336164
62363037333764636630376366653161313065336531613838343861666230666534663365336639
65343739643935336665356339303538633837316638396439396433656362323237386330383437
33316335313333666339623439343335656634613734353436373561656537303665646238653464
62366433616663336562646361323165343439616536633332346531316361653035353064343666
66333939396431633937636231313330653962353139313561343063323562613465653730363961
63346438633263656231373935656461626432366132326336666238653564623138306234623935
31313731633535363463363230363961393831386561333437636135316133646438626236383830
63363135323533653836376636663339336461636162356231346332643466363739306634343162
63346566313639323364636565316230383365313032633936373032336531666363616661663234
39613263343937646662386538373839646364393730393232333765313837633837613733376430
38353133313563613830313235333931646462383235633631383338643033636263653130636430
65313261383739623266303764616537393166623739346464663063383565303066646431333436
39366433646436343832343834336637373635363963363762633163353730663866313436303933
39626635663464383434373562363633363332663634366466343036663338313936313132313063
6530
